Round 1 node selection is [76, 74, 68, 35, 97, 77, 91, 39, 71, 15, 37, 62, 73, 65, 19, 64, 81, 21, 25, 27, 56, 17, 53, 66, 89, 99, 13, 26, 34, 69, 44, 61, 12, 63, 86, 100, 20, 32, 6, 16, 42, 87, 96, 23, 14, 51, 41, 88, 55, 38, 58, 70, 72, 1, 9, 45, 59, 31, 78, 60, 98, 82, 84, 46, 18, 54, 24, 10, 22, 11, 48, 28, 85, 33, 5, 80, 57, 36, 47, 95, 93, 50, 49, 29, 67, 90, 94, 79, 8, 75, 2, 92, 83, 4, 30, 7, 40, 3, 52, 43]
 taking 100 clients.

Round 2 node selection is [20, 29, 23, 98, 48, 94, 81, 39, 64, 8, 12, 46, 70, 97, 68, 100, 28, 34, 10, 21, 74, 30, 17, 93, 14, 96, 9, 89, 43, 90, 35, 45, 22, 51, 53, 66, 2, 18, 60, 84, 52, 75, 3, 37, 78, 26, 63, 6, 76, 19, 11, 24, 80, 69, 44, 42, 99, 65, 7, 95, 56, 36, 79, 83, 72, 15, 5, 38, 41, 77, 25, 49, 58, 91, 71, 54, 32, 16, 40, 86, 13, 85, 82, 88, 1, 59, 50, 4, 62, 67, 87, 92, 47, 31, 61, 33, 57, 73, 55, 27]
 taking 100 clients.

Round 3 node selection is [69, 18, 92, 83, 41, 3, 17, 30, 98, 91, 58, 36, 95, 68, 55, 66, 22, 35, 54, 99, 64, 79, 32, 89, 61, 8, 87, 45, 65, 75, 59, 38, 37, 2, 25, 28, 88, 11, 20, 82, 16, 13, 27, 5, 76, 77, 12, 67, 93, 97, 96, 60, 52, 6, 73, 78, 31, 14, 70, 29, 21, 94, 72, 62, 9, 42, 85, 84, 39, 50, 56, 7, 53, 33, 40, 24, 80, 74, 57, 51, 34, 23, 49, 86, 48, 4, 71, 100, 26, 47, 19, 63, 46, 1, 15, 10, 81, 44, 43, 90]
 taking 100 clients.

Round 4 node selection is [31, 24, 79, 20, 45, 81, 26, 3, 76, 5, 17, 72, 42, 97, 8, 100, 21, 44, 39, 71, 88, 75, 80, 67, 98, 43, 34, 37, 46, 30, 61, 48, 54, 68, 47, 15, 36, 95, 10, 83, 60, 55, 14, 32, 99, 65, 63, 19, 52, 13, 85, 62, 90, 87, 25, 96, 23, 69, 57, 66, 51, 53, 73, 2, 89, 59, 94, 93, 7, 28, 22, 12, 38, 64, 27, 40, 58, 33, 56, 41, 29, 16, 84, 78, 77, 74, 91, 9, 92, 49, 4, 35, 50, 86, 1, 82, 11, 18, 70, 6]
 taking 100 clients.

Round 5 node selection is [46, 87, 41, 70, 47, 74, 100, 92, 76, 85, 24, 37, 23, 5, 98, 3, 25, 50, 32, 42, 72, 63, 14, 61, 39, 81, 19, 11, 93, 29, 35, 71, 53, 68, 27, 9, 16, 66, 21, 62, 22, 51, 40, 78, 96, 67, 2, 6, 59, 58, 44, 36, 52, 89, 73, 94, 83, 1, 43, 49, 65, 84, 34, 8, 48, 33, 57, 79, 26, 56, 45, 99, 60, 95, 13, 38, 54, 18, 82, 7, 64, 30, 15, 88, 90, 77, 20, 75, 86, 10, 69, 91, 28, 55, 17, 12, 80, 97, 4, 31]
 taking 100 clients.

Round 6: clusters selected are [5, 1, 4, 7, 6] for a total of 5 clusters
Round 6 node selection is [2, 78, 7, 95, 15, 30, 32, 28, 82, 45, 57, 18, 81, 38, 29, 11, 10, 24, 56, 39, 65, 52, 16, 70, 26, 19, 83, 79, 85, 1, 41, 87, 73, 86, 21, 55, 3, 77, 13, 44, 35, 47, 25, 33, 66, 22, 31, 37, 72, 69, 20, 68]
 taking 52 clients.

Round 7 node selection is [21, 16, 81, 47, 45, 70, 55, 25, 7, 18, 56, 33, 35, 28, 86, 20, 37, 44, 73, 22, 82, 15, 31, 19, 30, 79, 52, 95, 66, 39, 85, 68, 69, 65, 10, 72, 1, 11, 3, 87, 57, 78, 32, 77, 41, 38, 2, 26, 83, 13, 29, 24]
 taking 52 clients.

Round 8 node selection is [87, 79, 11, 47, 25, 70, 41, 86, 78, 37, 55, 35, 3, 65, 29, 82, 32, 20, 33, 83, 13, 69, 10, 85, 38, 30, 68, 81, 95, 15, 72, 19, 2, 22, 16, 21, 45, 24, 56, 7, 31, 44, 66, 18, 39, 28, 26, 73, 77, 52, 57, 1]
 taking 52 clients.

Round 9 node selection is [69, 37, 72, 66, 7, 21, 10, 26, 47, 57, 56, 29, 45, 39, 68, 70, 41, 44, 20, 52, 55, 35, 65, 79, 73, 28, 2, 11, 95, 30, 87, 85, 16, 78, 38, 25, 13, 24, 3, 1, 22, 83, 86, 81, 31, 82, 77, 15, 18, 33, 19, 32]
 taking 52 clients.

Round 10 node selection is [86, 47, 1, 20, 18, 30, 38, 68, 95, 78, 37, 41, 3, 21, 33, 65, 56, 29, 72, 15, 22, 66, 26, 39, 83, 16, 52, 81, 44, 35, 19, 7, 2, 31, 82, 69, 28, 79, 87, 32, 24, 45, 70, 11, 73, 77, 13, 85, 10, 57, 25, 55]
 taking 52 clients.

Round 11 node selection is [45, 11, 13, 20, 95, 1, 70, 41, 33, 79, 22, 57, 18, 77, 66, 39, 35, 21, 25, 30, 2, 10, 38, 26, 28, 55, 85, 86, 24, 31, 73, 29, 56, 37, 52, 44, 82, 16, 32, 87, 47, 15, 69, 78, 3, 83, 65, 68, 72, 7, 81, 19]
 taking 52 clients.

Round 12 node selection is [1, 83, 10, 39, 13, 78, 70, 45, 79, 7, 2, 15, 25, 66, 37, 73, 65, 86, 16, 57, 82, 19, 47, 55, 21, 28, 77, 26, 31, 41, 35, 29, 3, 24, 33, 11, 20, 56, 32, 87, 69, 18, 38, 30, 52, 44, 95, 68, 81, 72, 22, 85]
 taking 52 clients.

Round 13 node selection is [45, 29, 32, 3, 13, 22, 85, 47, 16, 70, 56, 2, 30, 10, 52, 35, 68, 78, 31, 86, 26, 19, 95, 77, 44, 18, 72, 82, 21, 65, 81, 55, 28, 39, 38, 79, 83, 69, 87, 24, 11, 1, 66, 73, 7, 33, 20, 41, 25, 37, 57, 15]
 taking 52 clients.

Round 14 node selection is [29, 37, 20, 26, 79, 24, 28, 87, 41, 25, 73, 1, 3, 15, 33, 16, 70, 72, 47, 30, 2, 68, 39, 21, 22, 38, 57, 85, 83, 31, 66, 18, 81, 11, 65, 35, 13, 69, 86, 19, 32, 52, 45, 10, 44, 95, 7, 82, 78, 55, 77, 56]
 taking 52 clients.

Round 15 node selection is [69, 73, 31, 30, 66, 28, 26, 83, 35, 55, 32, 29, 22, 18, 86, 33, 70, 57, 52, 68, 16, 82, 45, 95, 37, 3, 79, 77, 65, 39, 24, 78, 20, 13, 38, 44, 15, 10, 87, 72, 2, 56, 11, 25, 21, 85, 81, 47, 19, 41, 1, 7]
 taking 52 clients.

Round 16 node selection is [29, 2, 31, 95, 11, 66, 78, 3, 55, 85, 41, 13, 73, 22, 82, 16, 83, 69, 15, 37, 10, 7, 70, 47, 33, 52, 57, 56, 45, 26, 30, 20, 32, 24, 1, 21, 44, 81, 35, 18, 38, 25, 87, 79, 39, 19, 86, 65, 28, 72, 68, 77]
 taking 52 clients.

Round 17 node selection is [72, 22, 82, 31, 3, 2, 65, 33, 77, 11, 57, 18, 16, 29, 30, 41, 79, 47, 68, 39, 38, 56, 69, 20, 73, 95, 87, 37, 10, 19, 24, 32, 28, 83, 78, 1, 25, 7, 66, 52, 26, 81, 55, 15, 21, 44, 13, 86, 70, 85, 45, 35]
 taking 52 clients.

Round 18 node selection is [37, 2, 24, 77, 65, 30, 69, 78, 70, 41, 44, 31, 79, 21, 26, 15, 85, 87, 22, 18, 29, 39, 72, 57, 33, 56, 95, 20, 68, 16, 19, 66, 38, 86, 25, 52, 32, 10, 3, 28, 11, 83, 55, 47, 45, 1, 13, 82, 81, 7, 73, 35]
 taking 52 clients.

Round 19 node selection is [29, 22, 72, 2, 15, 10, 1, 25, 18, 11, 56, 39, 3, 70, 7, 28, 30, 24, 41, 95, 52, 81, 78, 85, 82, 16, 68, 33, 35, 55, 77, 31, 44, 66, 87, 47, 13, 20, 83, 32, 21, 37, 26, 73, 45, 57, 65, 86, 19, 79, 38, 69]
 taking 52 clients.

Round 20 node selection is [70, 95, 33, 30, 73, 38, 56, 2, 85, 37, 1, 29, 35, 55, 31, 69, 66, 15, 86, 65, 10, 28, 18, 3, 19, 72, 21, 68, 32, 13, 39, 77, 26, 16, 79, 52, 24, 57, 81, 11, 20, 45, 82, 47, 41, 44, 7, 78, 25, 87, 22, 83]
 taking 52 clients.

Round 21 node selection is [10, 39, 22, 19, 56, 86, 7, 24, 15, 66, 73, 26, 25, 57, 21, 1, 70, 47, 20, 31, 38, 81, 45, 13, 55, 16, 18, 85, 52, 72, 77, 32, 68, 29, 78, 2, 44, 3, 95, 41, 79, 69, 87, 28, 35, 82, 30, 33, 11, 65, 83, 37]
 taking 52 clients.

Round 22 node selection is [10, 47, 26, 44, 82, 81, 56, 3, 68, 73, 72, 52, 57, 55, 65, 28, 7, 79, 22, 25, 37, 77, 16, 2, 15, 30, 83, 69, 29, 20, 39, 32, 38, 85, 41, 31, 35, 33, 95, 11, 24, 18, 86, 78, 45, 19, 21, 66, 13, 70, 1, 87]
 taking 52 clients.

Round 23 node selection is [52, 57, 15, 24, 69, 72, 77, 26, 7, 44, 19, 82, 18, 95, 73, 55, 70, 81, 83, 20, 79, 1, 37, 38, 29, 56, 65, 35, 41, 33, 30, 47, 25, 2, 87, 39, 13, 11, 85, 22, 45, 86, 28, 3, 32, 16, 10, 66, 78, 21, 31, 68]
 taking 52 clients.

Round 24 node selection is [30, 37, 19, 15, 38, 21, 81, 44, 57, 82, 95, 56, 32, 70, 7, 3, 25, 83, 72, 13, 78, 10, 2, 18, 16, 65, 29, 35, 66, 86, 24, 11, 26, 22, 1, 33, 87, 79, 69, 55, 85, 45, 28, 39, 31, 20, 52, 73, 41, 68, 77, 47]
 taking 52 clients.

Round 25 node selection is [22, 30, 86, 87, 68, 37, 72, 57, 10, 39, 83, 2, 1, 55, 31, 18, 70, 33, 82, 45, 38, 19, 7, 77, 44, 81, 85, 52, 78, 28, 26, 73, 56, 32, 69, 95, 25, 21, 29, 65, 66, 15, 11, 3, 79, 20, 16, 41, 13, 47, 24, 35]
 taking 52 clients.

Round 26 node selection is [33, 52, 7, 22, 85, 29, 57, 45, 95, 16, 25, 78, 37, 72, 11, 70, 19, 68, 44, 41, 28, 15, 83, 13, 77, 1, 32, 3, 82, 86, 18, 2, 24, 31, 39, 20, 66, 69, 81, 26, 21, 30, 65, 10, 47, 55, 38, 79, 56, 35, 87, 73]
 taking 52 clients.

Round 27 node selection is [73, 95, 45, 35, 41, 56, 85, 70, 22, 32, 66, 29, 20, 28, 31, 15, 10, 55, 24, 16, 1, 68, 79, 2, 26, 25, 82, 83, 21, 52, 77, 81, 44, 3, 18, 65, 38, 47, 11, 30, 13, 57, 39, 86, 72, 87, 7, 19, 69, 33, 37, 78]
 taking 52 clients.

Round 28 node selection is [37, 81, 10, 55, 1, 28, 82, 45, 18, 85, 24, 33, 21, 52, 41, 66, 31, 65, 39, 72, 30, 15, 38, 7, 68, 47, 20, 13, 35, 83, 3, 87, 78, 44, 25, 69, 79, 11, 86, 29, 16, 77, 95, 32, 73, 70, 22, 26, 56, 2, 57, 19]
 taking 52 clients.

Round 29 node selection is [55, 18, 24, 68, 66, 70, 35, 16, 26, 20, 39, 33, 86, 11, 95, 52, 13, 77, 65, 2, 79, 10, 72, 37, 73, 47, 32, 29, 45, 57, 1, 22, 30, 3, 19, 78, 15, 82, 69, 21, 25, 81, 87, 41, 31, 56, 38, 85, 83, 7, 28, 44]
 taking 52 clients.

Round 30 node selection is [81, 33, 10, 22, 78, 86, 11, 30, 85, 24, 65, 68, 1, 69, 83, 3, 47, 15, 38, 13, 82, 87, 95, 79, 31, 7, 35, 72, 45, 44, 20, 39, 55, 25, 52, 29, 18, 21, 28, 56, 77, 19, 16, 26, 73, 37, 66, 2, 32, 57, 41, 70]
 taking 52 clients.

Round 31 node selection is [25, 3, 86, 66, 69, 19, 47, 44, 10, 81, 13, 78, 87, 68, 22, 39, 41, 95, 52, 20, 83, 65, 16, 55, 73, 57, 2, 28, 70, 7, 45, 32, 82, 11, 79, 72, 21, 38, 30, 37, 18, 85, 26, 33, 35, 56, 15, 31, 1, 29, 24, 77]
 taking 52 clients.

Round 32 node selection is [30, 45, 7, 69, 73, 21, 13, 32, 33, 57, 44, 3, 16, 83, 26, 38, 35, 15, 87, 85, 47, 77, 25, 18, 39, 66, 31, 41, 11, 24, 19, 20, 37, 22, 65, 29, 79, 2, 68, 95, 78, 10, 86, 1, 82, 81, 70, 72, 52, 55, 28, 56]
 taking 52 clients.

Round 33 node selection is [57, 77, 35, 13, 39, 86, 41, 19, 33, 73, 20, 29, 85, 26, 16, 83, 81, 56, 38, 24, 25, 21, 55, 37, 1, 7, 66, 32, 70, 10, 78, 31, 28, 3, 69, 65, 68, 72, 11, 47, 95, 44, 18, 22, 82, 52, 79, 2, 87, 45, 15, 30]
 taking 52 clients.

Round 34 node selection is [55, 87, 38, 26, 79, 15, 16, 10, 66, 25, 20, 1, 35, 44, 32, 30, 82, 39, 73, 3, 31, 69, 72, 21, 22, 57, 7, 33, 41, 77, 81, 95, 65, 18, 29, 28, 86, 2, 85, 70, 11, 37, 19, 68, 45, 83, 24, 56, 47, 78, 13, 52]
 taking 52 clients.

Round 35 node selection is [1, 82, 35, 78, 86, 68, 55, 37, 19, 41, 3, 15, 16, 87, 30, 95, 28, 13, 10, 22, 26, 45, 56, 7, 32, 18, 77, 83, 81, 85, 65, 52, 25, 70, 11, 20, 21, 73, 29, 57, 39, 79, 47, 24, 66, 38, 31, 44, 2, 69, 33, 72]
 taking 52 clients.

Round 36 node selection is [41, 30, 68, 70, 47, 13, 28, 55, 86, 35, 66, 10, 11, 19, 78, 81, 16, 33, 29, 7, 52, 95, 56, 72, 45, 85, 77, 38, 37, 26, 44, 24, 39, 57, 82, 31, 3, 79, 15, 73, 69, 32, 1, 2, 65, 83, 87, 25, 21, 20, 18, 22]
 taking 52 clients.

Round 37 node selection is [69, 11, 41, 44, 85, 20, 55, 87, 70, 29, 47, 21, 16, 13, 81, 57, 32, 39, 26, 30, 7, 79, 19, 95, 15, 28, 18, 52, 22, 33, 24, 65, 37, 3, 78, 38, 82, 68, 72, 73, 56, 66, 10, 86, 2, 83, 25, 35, 45, 1, 31, 77]
 taking 52 clients.

Round 38 node selection is [66, 21, 44, 52, 86, 16, 70, 77, 18, 45, 3, 30, 20, 29, 2, 79, 35, 56, 57, 69, 11, 13, 47, 65, 72, 7, 55, 19, 24, 33, 82, 26, 73, 95, 41, 87, 78, 32, 38, 83, 85, 39, 68, 81, 25, 1, 15, 28, 31, 37, 10, 22]
 taking 52 clients.

Round 39 node selection is [68, 47, 15, 21, 65, 52, 85, 2, 83, 78, 72, 3, 31, 19, 55, 24, 7, 95, 66, 44, 1, 45, 81, 37, 10, 25, 87, 22, 28, 32, 11, 56, 41, 69, 86, 73, 39, 57, 70, 29, 16, 35, 26, 18, 33, 82, 13, 20, 79, 38, 30, 77]
 taking 52 clients.

Round 40 node selection is [31, 28, 24, 33, 37, 22, 77, 69, 82, 1, 52, 56, 3, 86, 38, 16, 45, 18, 26, 29, 79, 66, 85, 11, 7, 65, 20, 57, 81, 35, 73, 19, 72, 30, 32, 15, 47, 10, 21, 68, 70, 25, 95, 87, 78, 55, 2, 44, 83, 13, 41, 39]
 taking 52 clients.

Round 41 node selection is [21, 33, 31, 39, 81, 7, 45, 86, 22, 56, 37, 77, 52, 87, 35, 28, 83, 15, 66, 38, 29, 19, 3, 32, 30, 26, 1, 95, 18, 10, 85, 24, 68, 55, 73, 65, 78, 25, 11, 69, 41, 20, 72, 44, 57, 79, 16, 47, 2, 70, 82, 13]
 taking 52 clients.

Round 42 node selection is [57, 25, 52, 95, 37, 26, 66, 13, 81, 20, 55, 1, 35, 85, 73, 79, 65, 41, 70, 72, 11, 78, 28, 22, 87, 83, 31, 45, 69, 7, 3, 82, 44, 18, 47, 30, 15, 33, 32, 68, 2, 39, 29, 21, 19, 86, 24, 38, 16, 56, 10, 77]
 taking 52 clients.

Round 43 node selection is [81, 73, 24, 78, 11, 38, 65, 77, 21, 32, 47, 79, 29, 87, 15, 68, 44, 41, 25, 66, 57, 70, 45, 39, 30, 52, 72, 55, 18, 95, 2, 10, 19, 16, 3, 20, 33, 82, 83, 56, 1, 85, 31, 86, 13, 7, 26, 28, 37, 22, 35, 69]
 taking 52 clients.

Round 44 node selection is [29, 19, 18, 33, 32, 44, 81, 28, 11, 87, 72, 15, 73, 41, 24, 38, 79, 47, 2, 82, 66, 45, 83, 39, 95, 10, 78, 26, 31, 21, 30, 68, 16, 52, 7, 35, 1, 22, 37, 13, 69, 25, 65, 20, 77, 3, 57, 56, 85, 55, 70, 86]
 taking 52 clients.

Round 45 node selection is [29, 31, 72, 35, 25, 95, 21, 56, 77, 13, 11, 66, 83, 52, 1, 28, 7, 65, 79, 57, 26, 3, 19, 55, 41, 20, 87, 39, 38, 85, 86, 68, 81, 33, 15, 24, 82, 16, 73, 69, 2, 47, 30, 44, 32, 18, 70, 22, 78, 45, 37, 10]
 taking 52 clients.

Round 46 node selection is [65, 38, 82, 10, 28, 55, 70, 16, 30, 79, 95, 66, 83, 20, 32, 2, 87, 72, 39, 13, 21, 18, 19, 52, 37, 3, 73, 35, 45, 77, 24, 15, 47, 29, 86, 56, 33, 57, 7, 69, 68, 31, 25, 44, 22, 11, 81, 1, 85, 41, 78, 26]
 taking 52 clients.

Round 47 node selection is [30, 69, 45, 25, 85, 2, 82, 3, 95, 35, 56, 1, 11, 55, 13, 24, 29, 37, 22, 21, 32, 39, 44, 68, 33, 16, 47, 87, 10, 79, 26, 77, 52, 38, 86, 28, 81, 41, 70, 66, 7, 78, 72, 73, 31, 19, 57, 83, 15, 18, 20, 65]
 taking 52 clients.

Round 48 node selection is [72, 47, 81, 3, 55, 16, 41, 32, 87, 38, 31, 1, 83, 44, 73, 35, 2, 82, 70, 11, 65, 7, 57, 26, 37, 28, 86, 18, 68, 85, 24, 13, 56, 52, 25, 77, 15, 33, 22, 66, 10, 69, 95, 20, 79, 39, 21, 29, 30, 78, 19, 45]
 taking 52 clients.

Round 49 node selection is [57, 19, 3, 86, 35, 66, 73, 55, 13, 47, 65, 25, 29, 15, 78, 26, 85, 1, 79, 18, 68, 87, 69, 20, 70, 10, 38, 45, 37, 41, 2, 28, 56, 33, 30, 32, 44, 22, 52, 24, 82, 16, 7, 39, 95, 83, 21, 81, 77, 11, 31, 72]
 taking 52 clients.

Round 50 node selection is [72, 10, 31, 20, 55, 37, 33, 77, 85, 13, 47, 83, 25, 30, 66, 68, 7, 41, 38, 44, 16, 21, 82, 78, 18, 39, 29, 32, 15, 86, 95, 73, 87, 24, 56, 57, 28, 81, 52, 1, 22, 26, 35, 2, 69, 70, 3, 79, 11, 65, 45, 19]
 taking 52 clients.

Round 51 node selection is [13, 56, 69, 35, 38, 32, 41, 85, 95, 28, 24, 66, 22, 52, 2, 81, 10, 77, 33, 79, 47, 1, 68, 78, 45, 83, 26, 55, 57, 31, 39, 16, 11, 87, 7, 18, 44, 70, 82, 21, 65, 72, 37, 15, 3, 86, 19, 25, 30, 73, 20, 29]
 taking 52 clients.

Round 52 node selection is [32, 26, 13, 35, 25, 39, 83, 15, 65, 2, 57, 68, 37, 86, 30, 47, 85, 44, 70, 3, 29, 18, 10, 69, 45, 33, 87, 11, 82, 73, 16, 77, 19, 7, 1, 56, 24, 22, 52, 31, 28, 66, 20, 21, 72, 81, 41, 95, 79, 38, 55, 78]
 taking 52 clients.

Round 53 node selection is [37, 55, 38, 32, 45, 69, 52, 82, 87, 68, 35, 85, 47, 41, 86, 83, 73, 19, 66, 72, 20, 30, 16, 65, 39, 11, 44, 13, 95, 78, 57, 15, 3, 25, 79, 56, 77, 7, 18, 29, 28, 24, 26, 81, 1, 33, 10, 22, 31, 70, 2, 21]
 taking 52 clients.

Round 54 node selection is [29, 21, 41, 15, 82, 3, 2, 28, 22, 11, 69, 85, 45, 73, 83, 72, 20, 7, 86, 87, 52, 47, 16, 79, 44, 65, 13, 68, 32, 81, 26, 95, 24, 78, 25, 33, 38, 57, 31, 56, 66, 1, 35, 39, 19, 10, 30, 18, 77, 55, 37, 70]
 taking 52 clients.

Round 55 node selection is [87, 68, 26, 2, 29, 33, 45, 65, 39, 41, 28, 24, 31, 18, 70, 52, 55, 32, 35, 19, 78, 20, 72, 25, 30, 79, 69, 38, 66, 57, 47, 11, 3, 21, 7, 16, 15, 95, 1, 10, 82, 22, 77, 44, 37, 56, 13, 83, 81, 85, 86, 73]
 taking 52 clients.

Round 56 node selection is [83, 56, 37, 33, 15, 81, 95, 25, 10, 73, 41, 87, 79, 86, 30, 18, 2, 20, 26, 77, 57, 35, 16, 11, 68, 19, 3, 29, 45, 65, 66, 32, 72, 69, 55, 28, 1, 44, 85, 31, 39, 38, 13, 82, 70, 21, 52, 78, 47, 22, 7, 24]
 taking 52 clients.

Round 57 node selection is [83, 20, 41, 47, 73, 78, 26, 55, 65, 81, 24, 25, 86, 16, 32, 21, 37, 22, 85, 87, 44, 7, 1, 56, 79, 35, 72, 31, 15, 2, 29, 11, 52, 69, 19, 33, 39, 66, 38, 68, 82, 70, 3, 95, 28, 45, 57, 77, 13, 30, 10, 18]
 taking 52 clients.

Round 58 node selection is [22, 16, 35, 81, 47, 37, 21, 52, 15, 68, 32, 78, 56, 39, 70, 10, 55, 73, 24, 85, 2, 72, 41, 28, 29, 57, 82, 77, 79, 19, 83, 44, 13, 26, 87, 7, 25, 69, 65, 11, 38, 31, 95, 86, 18, 20, 3, 66, 33, 45, 1, 30]
 taking 52 clients.

Round 59 node selection is [82, 86, 81, 7, 31, 13, 52, 65, 37, 35, 83, 24, 20, 45, 1, 11, 95, 44, 56, 38, 55, 68, 2, 85, 41, 10, 30, 32, 69, 57, 47, 28, 19, 26, 3, 78, 22, 33, 18, 21, 39, 72, 15, 66, 77, 16, 73, 79, 70, 29, 87, 25]
 taking 52 clients.

Round 60 node selection is [32, 19, 26, 85, 7, 69, 79, 95, 68, 24, 77, 22, 56, 25, 83, 37, 39, 11, 45, 31, 57, 21, 2, 20, 15, 10, 87, 81, 18, 86, 35, 66, 70, 38, 44, 73, 28, 78, 16, 55, 41, 72, 65, 82, 1, 29, 13, 47, 33, 30, 3, 52]
 taking 52 clients.

Round 61 node selection is [7, 95, 78, 81, 45, 20, 29, 35, 41, 56, 70, 83, 65, 73, 30, 32, 33, 87, 55, 26, 66, 86, 1, 68, 31, 52, 2, 19, 16, 22, 15, 72, 24, 21, 25, 37, 38, 77, 39, 57, 13, 44, 10, 18, 3, 47, 82, 79, 85, 69, 28, 11]
 taking 52 clients.

Round 62 node selection is [26, 65, 1, 72, 52, 78, 28, 85, 41, 31, 44, 10, 3, 24, 7, 69, 87, 70, 73, 33, 77, 56, 15, 86, 11, 16, 81, 79, 82, 45, 18, 68, 55, 30, 22, 2, 29, 25, 20, 19, 66, 57, 47, 39, 95, 32, 37, 35, 21, 38, 83, 13]
 taking 52 clients.

Round 63 node selection is [57, 31, 69, 19, 22, 26, 13, 2, 1, 86, 73, 68, 95, 18, 38, 82, 30, 44, 72, 52, 21, 37, 33, 25, 87, 55, 79, 78, 10, 7, 77, 81, 15, 16, 20, 45, 28, 66, 65, 41, 35, 56, 83, 24, 39, 11, 29, 70, 47, 32, 85, 3]
 taking 52 clients.

Round 64 node selection is [29, 81, 82, 77, 85, 26, 2, 31, 65, 38, 55, 21, 24, 47, 25, 7, 20, 66, 37, 57, 69, 11, 15, 30, 56, 73, 87, 70, 72, 41, 28, 95, 18, 10, 86, 45, 22, 39, 79, 68, 35, 33, 83, 52, 44, 3, 16, 13, 78, 1, 19, 32]
 taking 52 clients.

Round 65 node selection is [79, 47, 2, 22, 57, 45, 11, 10, 1, 31, 21, 32, 28, 3, 19, 85, 26, 20, 15, 70, 82, 81, 18, 41, 95, 24, 83, 52, 37, 73, 77, 16, 55, 7, 33, 86, 29, 72, 87, 68, 30, 13, 56, 39, 35, 69, 66, 65, 44, 25, 78, 38]
 taking 52 clients.

Round 66 node selection is [30, 70, 29, 52, 85, 57, 25, 26, 44, 1, 47, 68, 95, 22, 87, 86, 10, 35, 72, 37, 41, 77, 32, 65, 82, 3, 11, 55, 56, 18, 66, 7, 81, 78, 24, 15, 69, 45, 19, 33, 16, 38, 28, 79, 73, 13, 2, 83, 31, 21, 20, 39]
 taking 52 clients.

Round 67 node selection is [57, 33, 83, 10, 79, 70, 82, 1, 68, 52, 15, 19, 95, 21, 3, 44, 37, 41, 47, 65, 29, 55, 20, 26, 18, 45, 28, 85, 11, 77, 69, 87, 31, 81, 13, 72, 78, 73, 66, 38, 35, 7, 86, 25, 30, 56, 24, 2, 39, 32, 22, 16]
 taking 52 clients.

Round 68 node selection is [32, 73, 38, 37, 2, 83, 20, 18, 39, 26, 41, 7, 70, 78, 47, 16, 82, 19, 66, 45, 65, 56, 86, 30, 69, 3, 33, 25, 44, 87, 31, 24, 55, 57, 72, 79, 95, 77, 68, 81, 28, 85, 22, 21, 13, 15, 29, 52, 35, 11, 1, 10]
 taking 52 clients.

Round 69 node selection is [18, 87, 25, 66, 3, 39, 69, 47, 83, 38, 22, 57, 85, 16, 44, 41, 30, 45, 1, 95, 28, 72, 33, 81, 52, 11, 26, 56, 21, 2, 55, 7, 10, 20, 86, 35, 15, 19, 24, 79, 70, 73, 78, 32, 13, 82, 37, 29, 65, 31, 68, 77]
 taking 52 clients.

Round 70 node selection is [35, 32, 44, 7, 86, 33, 81, 55, 19, 1, 57, 66, 78, 85, 22, 26, 28, 38, 52, 10, 2, 16, 72, 25, 65, 77, 95, 24, 30, 31, 37, 3, 73, 56, 45, 15, 21, 82, 70, 41, 83, 13, 47, 79, 68, 69, 87, 20, 11, 39, 29, 18]
 taking 52 clients.

Round 71 node selection is [33, 11, 44, 28, 68, 73, 39, 38, 7, 83, 79, 1, 95, 3, 70, 41, 25, 78, 26, 81, 31, 13, 77, 55, 87, 29, 20, 30, 66, 72, 82, 69, 10, 35, 2, 15, 22, 21, 18, 57, 52, 32, 85, 37, 65, 16, 45, 86, 24, 47, 19, 56]
 taking 52 clients.

Round 72 node selection is [13, 41, 57, 15, 1, 16, 47, 70, 31, 65, 38, 10, 32, 24, 79, 33, 55, 2, 73, 87, 44, 95, 26, 81, 37, 20, 72, 29, 22, 21, 3, 83, 18, 35, 56, 25, 86, 19, 66, 85, 69, 7, 45, 30, 11, 68, 39, 28, 77, 78, 52, 82]
 taking 52 clients.

Round 73 node selection is [33, 44, 47, 86, 65, 55, 1, 15, 16, 19, 70, 77, 66, 26, 21, 25, 85, 13, 95, 30, 28, 82, 32, 37, 22, 56, 45, 79, 20, 2, 18, 24, 38, 41, 35, 29, 68, 31, 39, 11, 87, 72, 83, 69, 57, 7, 81, 78, 10, 3, 73, 52]
 taking 52 clients.

Round 74 node selection is [73, 45, 78, 10, 26, 95, 70, 41, 11, 57, 65, 7, 1, 39, 83, 72, 77, 68, 79, 86, 15, 24, 55, 44, 3, 16, 32, 37, 19, 20, 22, 66, 35, 47, 29, 13, 82, 87, 69, 18, 30, 85, 31, 28, 2, 25, 21, 52, 38, 81, 33, 56]
 taking 52 clients.

Round 75 node selection is [83, 57, 13, 72, 95, 55, 21, 33, 66, 26, 56, 25, 69, 68, 85, 32, 41, 20, 11, 79, 3, 39, 70, 30, 10, 78, 45, 29, 86, 82, 37, 81, 1, 2, 19, 35, 47, 28, 38, 87, 73, 31, 18, 16, 52, 24, 65, 7, 15, 77, 22, 44]
 taking 52 clients.

Round 76 node selection is [65, 18, 78, 56, 79, 37, 81, 24, 3, 73, 77, 44, 55, 82, 86, 21, 29, 30, 35, 22, 68, 69, 52, 70, 31, 41, 1, 83, 13, 32, 66, 11, 20, 7, 25, 10, 47, 39, 72, 45, 38, 15, 85, 57, 16, 95, 26, 2, 33, 87, 19, 28]
 taking 52 clients.

Round 77 node selection is [87, 81, 69, 21, 1, 13, 73, 65, 39, 78, 26, 22, 28, 20, 24, 55, 72, 3, 44, 95, 31, 41, 79, 70, 16, 86, 25, 57, 38, 52, 68, 7, 33, 2, 56, 85, 11, 18, 82, 15, 77, 66, 45, 47, 37, 10, 19, 30, 32, 35, 83, 29]
 taking 52 clients.

Round 78 node selection is [69, 73, 24, 57, 18, 35, 33, 66, 21, 11, 77, 85, 28, 15, 13, 41, 52, 3, 7, 1, 83, 16, 2, 68, 31, 32, 72, 87, 45, 78, 82, 10, 65, 79, 39, 25, 44, 70, 38, 56, 95, 20, 55, 37, 81, 26, 30, 47, 86, 22, 19, 29]
 taking 52 clients.

Round 79 node selection is [35, 68, 44, 86, 7, 15, 29, 81, 55, 72, 95, 65, 30, 41, 33, 20, 73, 24, 69, 32, 78, 11, 13, 31, 26, 47, 2, 25, 18, 1, 3, 52, 10, 85, 37, 16, 57, 87, 56, 28, 45, 79, 38, 22, 19, 82, 77, 70, 39, 21, 66, 83]
 taking 52 clients.

Round 80 node selection is [95, 22, 39, 55, 21, 35, 69, 31, 15, 41, 65, 44, 13, 83, 24, 57, 70, 47, 20, 10, 38, 68, 87, 11, 18, 45, 85, 29, 25, 72, 26, 86, 52, 33, 7, 32, 30, 66, 16, 78, 77, 1, 19, 2, 81, 56, 73, 28, 37, 3, 79, 82]
 taking 52 clients.

Round 81 node selection is [79, 18, 52, 24, 86, 16, 32, 7, 72, 45, 37, 13, 81, 28, 57, 69, 95, 39, 56, 19, 33, 31, 85, 15, 38, 41, 3, 83, 66, 26, 70, 22, 78, 82, 30, 47, 44, 35, 68, 1, 65, 77, 87, 11, 10, 73, 21, 29, 20, 25, 55, 2]
 taking 52 clients.

Round 82 node selection is [56, 25, 73, 52, 11, 30, 78, 38, 2, 7, 79, 55, 77, 69, 68, 19, 44, 22, 1, 28, 66, 83, 87, 39, 47, 31, 29, 41, 65, 95, 16, 32, 57, 21, 85, 26, 82, 3, 15, 70, 13, 20, 37, 72, 86, 24, 33, 10, 35, 45, 18, 81]
 taking 52 clients.

Round 83 node selection is [86, 26, 72, 85, 83, 16, 22, 20, 19, 18, 81, 28, 11, 1, 37, 69, 13, 38, 24, 77, 7, 21, 55, 10, 39, 30, 79, 31, 87, 35, 41, 29, 56, 3, 33, 45, 47, 82, 52, 70, 32, 95, 2, 65, 78, 15, 66, 73, 44, 25, 68, 57]
 taking 52 clients.

Round 84 node selection is [82, 68, 70, 10, 33, 29, 37, 69, 30, 25, 11, 87, 41, 95, 1, 20, 13, 52, 15, 47, 3, 77, 19, 44, 81, 21, 18, 65, 83, 78, 55, 7, 79, 26, 39, 35, 32, 2, 72, 24, 56, 66, 16, 38, 57, 73, 28, 86, 45, 22, 85, 31]
 taking 52 clients.

Round 85 node selection is [79, 10, 39, 56, 81, 13, 24, 37, 16, 86, 95, 3, 20, 72, 2, 7, 47, 18, 29, 65, 21, 68, 15, 87, 38, 52, 19, 77, 33, 85, 45, 73, 28, 83, 22, 41, 55, 31, 1, 32, 69, 44, 30, 11, 66, 70, 57, 26, 82, 78, 35, 25]
 taking 52 clients.

Round 86 node selection is [72, 3, 83, 18, 85, 15, 24, 95, 39, 52, 66, 47, 86, 16, 21, 55, 78, 35, 37, 68, 22, 13, 65, 70, 45, 79, 57, 33, 26, 7, 38, 44, 2, 19, 31, 77, 32, 81, 25, 87, 1, 28, 56, 69, 73, 41, 20, 10, 11, 82, 30, 29]
 taking 52 clients.

Round 87 node selection is [55, 37, 66, 2, 69, 85, 3, 65, 19, 39, 41, 81, 29, 56, 87, 15, 79, 86, 21, 22, 31, 28, 16, 26, 70, 95, 83, 11, 25, 77, 7, 13, 47, 35, 82, 38, 78, 32, 10, 1, 33, 73, 30, 45, 68, 18, 24, 52, 57, 44, 72, 20]
 taking 52 clients.

Round 88 node selection is [24, 32, 29, 77, 15, 44, 22, 21, 69, 18, 68, 95, 81, 52, 85, 13, 7, 3, 56, 45, 1, 37, 57, 79, 47, 2, 87, 16, 55, 31, 65, 28, 73, 26, 10, 83, 38, 20, 35, 39, 66, 11, 86, 72, 30, 33, 78, 41, 82, 25, 19, 70]
 taking 52 clients.

Round 89 node selection is [16, 56, 47, 79, 55, 30, 31, 19, 57, 21, 85, 73, 69, 87, 86, 78, 72, 35, 52, 39, 66, 28, 13, 11, 3, 83, 70, 44, 10, 7, 82, 33, 29, 26, 65, 22, 20, 45, 25, 77, 15, 37, 38, 32, 18, 2, 41, 81, 1, 24, 95, 68]
 taking 52 clients.

Round 90 node selection is [79, 18, 13, 21, 77, 83, 7, 70, 41, 16, 52, 24, 22, 87, 20, 65, 31, 44, 95, 32, 66, 69, 11, 85, 37, 38, 55, 72, 33, 1, 15, 10, 30, 3, 73, 82, 78, 28, 19, 2, 47, 56, 35, 39, 68, 25, 29, 45, 81, 26, 57, 86]
 taking 52 clients.

Round 91 node selection is [41, 29, 35, 95, 52, 16, 66, 73, 81, 57, 33, 28, 37, 15, 24, 20, 32, 55, 26, 19, 39, 85, 83, 78, 13, 72, 1, 3, 10, 69, 25, 11, 68, 87, 7, 79, 30, 21, 65, 56, 22, 86, 77, 82, 38, 47, 45, 18, 31, 2, 44, 70]
 taking 52 clients.

Round 92 node selection is [52, 56, 72, 69, 39, 16, 31, 83, 2, 81, 1, 18, 25, 82, 21, 95, 28, 15, 77, 47, 45, 87, 24, 26, 3, 68, 29, 44, 41, 11, 35, 78, 32, 57, 73, 7, 22, 13, 79, 38, 55, 30, 65, 20, 33, 85, 66, 19, 10, 70, 86, 37]
 taking 52 clients.

Round 93 node selection is [79, 95, 30, 11, 3, 73, 52, 37, 81, 18, 55, 87, 68, 69, 31, 1, 32, 21, 56, 24, 33, 28, 38, 20, 35, 86, 22, 13, 39, 77, 2, 72, 44, 7, 29, 41, 16, 66, 65, 10, 83, 25, 57, 45, 15, 82, 78, 26, 47, 85, 19, 70]
 taking 52 clients.

Round 94 node selection is [38, 21, 24, 41, 79, 70, 86, 28, 15, 72, 39, 68, 37, 33, 87, 73, 78, 35, 20, 44, 25, 45, 56, 95, 2, 32, 69, 77, 30, 10, 83, 19, 18, 52, 29, 57, 82, 31, 81, 7, 22, 3, 26, 1, 16, 66, 11, 55, 65, 47, 85, 13]
 taking 52 clients.

Round 95 node selection is [87, 70, 82, 57, 69, 24, 68, 55, 77, 22, 37, 78, 73, 38, 3, 7, 47, 95, 15, 56, 25, 32, 16, 33, 29, 1, 13, 79, 44, 86, 85, 65, 72, 20, 11, 18, 35, 41, 28, 31, 26, 19, 10, 39, 2, 81, 52, 45, 30, 83, 66, 21]
 taking 52 clients.

Round 96 node selection is [79, 52, 70, 20, 15, 95, 39, 45, 24, 57, 85, 32, 86, 13, 25, 81, 44, 78, 19, 11, 65, 66, 26, 41, 1, 21, 83, 10, 3, 28, 73, 77, 33, 38, 30, 22, 37, 87, 2, 72, 16, 31, 29, 7, 68, 35, 69, 18, 55, 82, 56, 47]
 taking 52 clients.

Round 97 node selection is [7, 31, 85, 18, 41, 69, 86, 11, 37, 87, 30, 38, 77, 20, 72, 95, 19, 39, 55, 79, 47, 83, 22, 24, 3, 81, 33, 52, 1, 35, 21, 44, 32, 26, 73, 68, 70, 16, 29, 65, 66, 10, 15, 57, 28, 25, 45, 13, 82, 78, 2, 56]
 taking 52 clients.

Round 98 node selection is [70, 56, 68, 73, 69, 86, 37, 18, 65, 29, 52, 39, 7, 22, 25, 31, 30, 35, 83, 81, 28, 3, 10, 72, 78, 13, 95, 38, 32, 33, 57, 16, 41, 77, 85, 21, 19, 11, 26, 20, 47, 82, 24, 45, 2, 44, 87, 66, 55, 79, 15, 1]
 taking 52 clients.

Round 99 node selection is [68, 41, 3, 38, 77, 22, 47, 15, 28, 55, 32, 31, 82, 52, 37, 39, 78, 13, 1, 65, 21, 69, 10, 79, 95, 57, 7, 87, 45, 24, 18, 66, 73, 35, 86, 72, 25, 44, 26, 11, 29, 20, 2, 19, 70, 16, 81, 83, 33, 85, 30, 56]
 taking 52 clients.

Round 100 node selection is [44, 82, 22, 21, 37, 16, 33, 1, 26, 47, 3, 73, 65, 29, 10, 86, 15, 72, 57, 95, 7, 19, 81, 83, 20, 78, 55, 77, 66, 38, 32, 35, 24, 11, 85, 52, 18, 45, 87, 79, 30, 70, 2, 25, 69, 56, 31, 39, 28, 41, 68, 13]
 taking 52 clients.

Round 101 node selection is [52, 1, 13, 11, 68, 95, 16, 45, 2, 41, 10, 87, 44, 20, 24, 65, 18, 85, 19, 66, 81, 57, 86, 25, 3, 15, 70, 79, 22, 35, 21, 26, 28, 31, 55, 30, 47, 32, 39, 56, 73, 82, 37, 7, 72, 29, 77, 83, 78, 69, 33, 38]
 taking 52 clients.

Round 102 node selection is [18, 30, 78, 7, 15, 19, 77, 68, 3, 28, 95, 10, 33, 37, 39, 38, 65, 56, 70, 82, 87, 86, 1, 69, 35, 41, 26, 83, 79, 81, 85, 24, 16, 13, 11, 21, 22, 73, 20, 57, 2, 55, 72, 31, 29, 45, 44, 25, 32, 66, 52, 47]
 taking 52 clients.

Round 103 node selection is [2, 3, 39, 95, 11, 41, 7, 55, 26, 24, 31, 35, 52, 83, 87, 19, 30, 44, 38, 56, 77, 37, 32, 15, 69, 57, 72, 18, 85, 28, 33, 20, 68, 16, 66, 1, 81, 25, 21, 70, 65, 79, 47, 78, 13, 22, 10, 45, 86, 73, 29, 82]
 taking 52 clients.

Round 104 node selection is [31, 82, 57, 45, 70, 26, 13, 66, 25, 41, 52, 77, 24, 72, 33, 47, 73, 83, 11, 28, 35, 20, 2, 85, 22, 29, 38, 10, 56, 65, 95, 79, 44, 16, 86, 15, 30, 39, 37, 78, 19, 1, 3, 68, 21, 18, 32, 69, 81, 7, 87, 55]
 taking 52 clients.

Round 105 node selection is [3, 85, 7, 56, 19, 41, 55, 26, 32, 87, 10, 37, 16, 45, 13, 11, 28, 39, 69, 66, 81, 72, 77, 52, 68, 20, 18, 65, 24, 70, 44, 73, 2, 30, 82, 21, 22, 95, 31, 83, 35, 78, 25, 57, 29, 79, 38, 15, 47, 1, 86, 33]
 taking 52 clients.

Round 106 node selection is [19, 55, 44, 3, 38, 83, 56, 39, 47, 32, 1, 10, 79, 87, 41, 24, 52, 65, 57, 95, 18, 85, 33, 7, 16, 70, 68, 29, 45, 31, 78, 37, 77, 20, 66, 81, 11, 13, 28, 30, 21, 25, 82, 72, 26, 73, 2, 22, 15, 69, 86, 35]
 taking 52 clients.

Round 107 node selection is [56, 86, 44, 2, 15, 77, 3, 70, 52, 79, 16, 85, 32, 22, 28, 11, 78, 57, 38, 19, 18, 7, 30, 83, 68, 41, 69, 37, 73, 29, 82, 20, 26, 47, 35, 10, 21, 1, 87, 95, 31, 81, 65, 55, 24, 39, 25, 66, 13, 45, 72, 33]
 taking 52 clients.

Round 108 node selection is [81, 25, 37, 7, 10, 35, 33, 78, 66, 73, 69, 21, 79, 18, 32, 38, 87, 86, 26, 15, 47, 85, 82, 13, 2, 28, 56, 31, 45, 19, 83, 65, 16, 39, 55, 29, 22, 70, 95, 44, 72, 77, 41, 24, 52, 1, 20, 3, 11, 57, 68, 30]
 taking 52 clients.

Round 109 node selection is [39, 18, 11, 37, 7, 15, 73, 38, 79, 52, 24, 72, 57, 77, 82, 68, 45, 30, 44, 21, 10, 69, 20, 32, 78, 25, 86, 85, 28, 83, 65, 3, 66, 70, 26, 41, 35, 13, 87, 95, 81, 33, 56, 1, 55, 31, 29, 22, 47, 2, 19, 16]
 taking 52 clients.

Round 110 node selection is [20, 13, 24, 44, 35, 73, 85, 33, 19, 87, 82, 29, 86, 45, 11, 31, 77, 18, 72, 37, 30, 39, 16, 38, 52, 2, 56, 1, 15, 32, 79, 47, 95, 55, 10, 28, 26, 69, 83, 81, 41, 66, 70, 21, 22, 7, 78, 68, 57, 65, 3, 25]
 taking 52 clients.

Round 111 node selection is [25, 86, 87, 68, 28, 18, 56, 21, 66, 3, 2, 11, 73, 16, 30, 33, 44, 31, 82, 81, 22, 13, 38, 35, 37, 29, 26, 10, 95, 83, 65, 24, 85, 39, 1, 7, 57, 77, 20, 69, 79, 55, 15, 78, 72, 70, 41, 19, 32, 52, 47, 45]
 taking 52 clients.

Round 112 node selection is [56, 30, 21, 77, 79, 57, 95, 87, 82, 66, 3, 16, 70, 28, 78, 68, 26, 13, 2, 69, 38, 20, 72, 41, 55, 81, 45, 65, 24, 47, 73, 33, 52, 19, 10, 85, 32, 31, 11, 25, 83, 29, 18, 39, 37, 35, 15, 22, 1, 44, 7, 86]
 taking 52 clients.

Round 113 node selection is [30, 70, 57, 3, 44, 86, 95, 24, 45, 31, 2, 1, 77, 20, 26, 85, 10, 18, 47, 35, 32, 65, 29, 83, 33, 82, 81, 69, 13, 28, 22, 72, 87, 38, 66, 11, 52, 55, 73, 78, 7, 16, 56, 25, 68, 37, 39, 19, 41, 21, 15, 79]
 taking 52 clients.

Round 114 node selection is [1, 57, 56, 11, 85, 47, 86, 16, 38, 35, 79, 45, 41, 31, 26, 22, 24, 13, 18, 66, 83, 72, 82, 70, 21, 37, 32, 7, 95, 81, 69, 29, 52, 20, 78, 2, 30, 77, 25, 73, 68, 87, 65, 33, 3, 55, 10, 44, 19, 39, 15, 28]
 taking 52 clients.

Round 115 node selection is [81, 52, 10, 73, 15, 11, 24, 20, 37, 65, 39, 44, 56, 47, 77, 78, 83, 41, 7, 87, 16, 82, 33, 66, 30, 57, 69, 85, 22, 35, 95, 18, 31, 3, 25, 79, 68, 26, 45, 70, 28, 1, 13, 21, 29, 72, 2, 32, 86, 38, 19, 55]
 taking 52 clients.

Round 116 node selection is [83, 3, 2, 44, 72, 15, 30, 26, 86, 68, 69, 79, 82, 11, 29, 32, 66, 55, 33, 38, 95, 35, 39, 1, 70, 10, 37, 73, 13, 65, 57, 24, 41, 78, 52, 7, 87, 81, 31, 25, 20, 56, 28, 77, 47, 16, 45, 21, 85, 19, 18, 22]
 taking 52 clients.

Round 117 node selection is [45, 95, 78, 11, 57, 22, 87, 15, 39, 41, 28, 55, 77, 20, 3, 38, 33, 47, 7, 1, 29, 37, 19, 21, 68, 2, 86, 65, 83, 72, 52, 85, 69, 81, 26, 30, 18, 44, 25, 13, 10, 73, 56, 79, 32, 16, 66, 35, 70, 82, 24, 31]
 taking 52 clients.

Round 118 node selection is [24, 77, 18, 10, 31, 15, 21, 55, 82, 11, 79, 30, 73, 13, 1, 20, 2, 37, 57, 22, 19, 44, 3, 33, 38, 70, 72, 83, 69, 56, 7, 86, 95, 78, 39, 28, 52, 68, 35, 47, 16, 25, 26, 85, 81, 32, 65, 66, 45, 29, 87, 41]
 taking 52 clients.

Round 119 node selection is [18, 19, 55, 95, 77, 21, 45, 31, 2, 37, 22, 52, 13, 30, 3, 79, 10, 66, 70, 81, 15, 57, 86, 39, 47, 68, 82, 7, 83, 29, 69, 73, 65, 11, 44, 35, 1, 72, 56, 87, 33, 24, 85, 25, 41, 38, 32, 16, 28, 20, 26, 78]
 taking 52 clients.

Round 120 node selection is [41, 79, 10, 56, 47, 81, 82, 22, 7, 68, 45, 33, 3, 31, 38, 29, 72, 52, 25, 66, 32, 87, 44, 83, 13, 86, 39, 78, 2, 35, 70, 73, 24, 21, 11, 26, 28, 77, 19, 16, 57, 65, 37, 15, 85, 20, 69, 1, 95, 18, 30, 55]
 taking 52 clients.

Round 121 node selection is [73, 21, 57, 79, 85, 81, 22, 24, 10, 41, 87, 29, 72, 39, 1, 26, 15, 37, 95, 70, 31, 18, 11, 3, 77, 7, 86, 13, 33, 52, 83, 65, 66, 68, 55, 47, 16, 78, 2, 82, 35, 19, 30, 38, 69, 25, 56, 32, 45, 44, 20, 28]
 taking 52 clients.

Round 122 node selection is [70, 7, 3, 44, 37, 15, 85, 35, 83, 10, 33, 38, 68, 82, 26, 72, 57, 18, 56, 22, 21, 73, 31, 95, 1, 81, 52, 66, 28, 32, 86, 30, 69, 16, 2, 55, 79, 13, 11, 77, 65, 19, 41, 39, 87, 20, 24, 29, 25, 45, 78, 47]
 taking 52 clients.

Round 123 node selection is [35, 82, 65, 55, 52, 83, 95, 3, 1, 10, 30, 77, 24, 25, 21, 68, 85, 20, 81, 86, 32, 72, 19, 44, 66, 79, 87, 37, 38, 57, 7, 39, 45, 31, 33, 56, 28, 41, 78, 29, 16, 13, 69, 47, 18, 26, 70, 2, 22, 15, 73, 11]
 taking 52 clients.

Round 124 node selection is [25, 73, 1, 68, 87, 66, 30, 11, 82, 78, 70, 77, 35, 95, 85, 72, 7, 13, 81, 24, 31, 83, 32, 2, 41, 56, 79, 29, 10, 86, 28, 65, 21, 45, 37, 3, 22, 55, 57, 19, 33, 44, 18, 39, 20, 69, 26, 47, 16, 15, 38, 52]
 taking 52 clients.

Round 125 node selection is [83, 26, 72, 56, 38, 32, 70, 57, 24, 95, 85, 87, 55, 15, 86, 13, 79, 25, 47, 37, 44, 10, 77, 1, 35, 52, 39, 66, 18, 21, 45, 2, 69, 33, 16, 78, 41, 22, 20, 82, 19, 68, 73, 81, 31, 30, 28, 65, 7, 11, 3, 29]
 taking 52 clients.

Round 126 node selection is [2, 86, 7, 77, 69, 29, 31, 22, 81, 16, 87, 38, 70, 52, 10, 79, 28, 19, 37, 15, 65, 45, 20, 11, 47, 73, 68, 57, 25, 32, 1, 35, 18, 24, 82, 85, 55, 39, 41, 66, 56, 44, 78, 3, 33, 95, 30, 72, 13, 21, 26, 83]
 taking 52 clients.

Round 127 node selection is [13, 41, 18, 56, 15, 66, 57, 68, 69, 47, 10, 72, 24, 2, 16, 65, 39, 1, 37, 86, 30, 70, 33, 78, 7, 82, 35, 77, 3, 85, 44, 19, 29, 22, 25, 21, 81, 87, 52, 55, 28, 32, 73, 95, 38, 11, 83, 79, 31, 26, 20, 45]
 taking 52 clients.

Round 128 node selection is [32, 28, 3, 18, 55, 30, 24, 45, 19, 87, 69, 86, 57, 78, 83, 70, 2, 33, 29, 25, 82, 38, 77, 39, 65, 37, 13, 73, 66, 10, 79, 11, 85, 68, 21, 35, 1, 56, 31, 20, 81, 44, 41, 7, 22, 16, 47, 26, 72, 15, 52, 95]
 taking 52 clients.

Round 129 node selection is [29, 95, 30, 20, 79, 39, 10, 44, 19, 77, 16, 13, 33, 85, 69, 24, 28, 73, 55, 21, 68, 25, 26, 52, 78, 87, 65, 2, 86, 56, 32, 72, 83, 81, 37, 47, 57, 66, 22, 3, 15, 18, 70, 45, 7, 1, 38, 31, 11, 41, 35, 82]
 taking 52 clients.

Round 130 node selection is [28, 2, 11, 26, 86, 35, 33, 69, 68, 1, 19, 95, 7, 85, 56, 32, 20, 55, 47, 44, 31, 30, 83, 39, 66, 15, 73, 57, 22, 3, 79, 38, 77, 82, 13, 29, 24, 70, 52, 72, 25, 41, 21, 65, 10, 18, 45, 81, 16, 87, 37, 78]
 taking 52 clients.

Round 131 node selection is [56, 57, 18, 29, 11, 82, 65, 81, 87, 33, 24, 21, 41, 37, 52, 68, 38, 15, 72, 2, 44, 35, 69, 83, 31, 13, 25, 20, 3, 77, 47, 55, 30, 28, 85, 26, 16, 95, 45, 86, 19, 70, 79, 10, 39, 73, 1, 22, 32, 66, 78, 7]
 taking 52 clients.

Round 132 node selection is [70, 29, 86, 19, 38, 83, 1, 45, 37, 73, 20, 72, 24, 16, 15, 95, 32, 68, 44, 57, 87, 52, 81, 55, 33, 13, 21, 7, 65, 35, 25, 3, 18, 2, 41, 77, 31, 28, 30, 26, 66, 47, 78, 79, 56, 22, 10, 11, 82, 85, 39, 69]
 taking 52 clients.

Round 133 node selection is [56, 20, 10, 26, 30, 77, 72, 16, 78, 22, 15, 83, 2, 66, 7, 25, 13, 70, 35, 68, 39, 24, 87, 85, 52, 3, 38, 21, 28, 18, 45, 11, 95, 41, 44, 65, 73, 86, 81, 47, 1, 57, 69, 79, 29, 33, 31, 82, 19, 32, 55, 37]
 taking 52 clients.

Round 134 node selection is [52, 13, 73, 81, 20, 11, 26, 86, 83, 45, 82, 56, 41, 66, 2, 19, 32, 21, 79, 31, 85, 22, 69, 44, 29, 7, 39, 33, 37, 25, 18, 57, 70, 87, 95, 65, 28, 1, 10, 15, 24, 47, 16, 68, 38, 30, 3, 35, 78, 77, 72, 55]
 taking 52 clients.

Round 135 node selection is [15, 11, 47, 79, 13, 52, 37, 81, 41, 28, 57, 18, 78, 56, 7, 16, 26, 3, 38, 25, 95, 10, 68, 82, 44, 31, 24, 70, 87, 55, 1, 21, 83, 66, 77, 35, 39, 85, 65, 19, 30, 20, 22, 2, 45, 72, 32, 33, 69, 86, 73, 29]
 taking 52 clients.

Round 136 node selection is [52, 95, 30, 35, 66, 22, 15, 20, 16, 86, 68, 38, 7, 69, 32, 11, 13, 33, 87, 79, 78, 56, 37, 70, 73, 19, 18, 10, 26, 81, 41, 24, 39, 29, 72, 45, 25, 31, 28, 47, 77, 65, 44, 21, 55, 82, 57, 2, 85, 1, 83, 3]
 taking 52 clients.

Round 137 node selection is [82, 39, 29, 55, 70, 87, 16, 24, 73, 41, 79, 2, 10, 15, 78, 25, 33, 19, 7, 37, 20, 13, 65, 72, 47, 68, 66, 69, 1, 38, 95, 11, 31, 18, 57, 56, 22, 44, 26, 77, 86, 32, 45, 28, 52, 81, 21, 35, 30, 83, 3, 85]
 taking 52 clients.

Round 138 node selection is [13, 21, 65, 85, 29, 39, 26, 30, 28, 66, 41, 25, 24, 16, 81, 55, 87, 78, 10, 19, 31, 73, 7, 35, 56, 2, 37, 38, 86, 3, 52, 95, 11, 79, 47, 33, 15, 57, 1, 32, 68, 82, 22, 83, 20, 69, 44, 72, 70, 45, 18, 77]
 taking 52 clients.

Round 139 node selection is [18, 85, 44, 21, 52, 26, 24, 2, 78, 82, 7, 56, 19, 30, 66, 13, 83, 28, 20, 69, 81, 11, 3, 25, 10, 45, 31, 77, 35, 95, 37, 70, 22, 79, 1, 38, 32, 29, 33, 72, 55, 16, 39, 65, 41, 68, 15, 73, 87, 57, 86, 47]
 taking 52 clients.

Round 140 node selection is [15, 73, 25, 78, 11, 70, 7, 32, 87, 55, 37, 52, 86, 21, 44, 26, 38, 39, 20, 69, 16, 65, 29, 35, 77, 95, 47, 72, 3, 85, 1, 41, 81, 82, 57, 79, 30, 2, 83, 24, 19, 33, 66, 68, 10, 45, 56, 28, 18, 31, 13, 22]
 taking 52 clients.

Round 141 node selection is [73, 31, 47, 69, 11, 55, 79, 66, 44, 21, 77, 68, 7, 24, 32, 83, 82, 18, 45, 1, 22, 16, 29, 86, 35, 38, 19, 15, 95, 10, 65, 28, 56, 30, 85, 72, 87, 25, 13, 2, 70, 20, 33, 78, 3, 39, 37, 26, 81, 41, 57, 52]
 taking 52 clients.

Round 142 node selection is [11, 78, 13, 26, 65, 10, 31, 24, 32, 19, 87, 70, 30, 22, 18, 66, 29, 69, 47, 37, 81, 57, 20, 33, 56, 73, 82, 45, 77, 15, 38, 44, 35, 2, 25, 3, 39, 16, 1, 55, 86, 52, 72, 68, 85, 83, 7, 28, 41, 95, 21, 79]
 taking 52 clients.

Round 143 node selection is [38, 79, 70, 45, 29, 85, 41, 18, 15, 69, 57, 3, 25, 10, 7, 24, 22, 19, 81, 33, 35, 31, 78, 16, 82, 47, 37, 13, 73, 87, 44, 56, 86, 66, 68, 72, 83, 20, 52, 26, 30, 11, 55, 65, 21, 95, 32, 28, 39, 2, 1, 77]
 taking 52 clients.

Round 144 node selection is [19, 52, 13, 16, 29, 69, 38, 26, 24, 37, 25, 7, 83, 85, 20, 68, 35, 33, 65, 22, 32, 55, 57, 70, 56, 39, 47, 86, 77, 28, 78, 2, 82, 73, 18, 10, 21, 66, 45, 95, 79, 1, 44, 15, 72, 81, 31, 11, 87, 41, 30, 3]
 taking 52 clients.

Round 145 node selection is [86, 30, 24, 65, 1, 45, 39, 22, 32, 57, 95, 47, 28, 25, 85, 20, 33, 78, 56, 55, 35, 82, 37, 29, 3, 19, 52, 70, 16, 11, 2, 7, 83, 87, 26, 44, 38, 21, 69, 41, 13, 15, 10, 77, 81, 68, 18, 31, 79, 72, 73, 66]
 taking 52 clients.

Round 146 node selection is [25, 82, 33, 79, 69, 15, 35, 78, 85, 56, 86, 20, 81, 11, 37, 1, 45, 44, 95, 18, 10, 22, 32, 2, 26, 52, 83, 19, 28, 66, 29, 73, 13, 3, 7, 39, 57, 77, 70, 65, 24, 38, 72, 31, 21, 55, 41, 87, 47, 16, 30, 68]
 taking 52 clients.

Round 147 node selection is [66, 21, 22, 55, 33, 79, 87, 19, 37, 77, 68, 57, 86, 31, 82, 85, 78, 18, 16, 72, 24, 3, 13, 73, 45, 95, 65, 41, 69, 39, 11, 83, 38, 15, 81, 35, 25, 1, 2, 47, 56, 28, 44, 30, 7, 70, 10, 32, 26, 29, 20, 52]
 taking 52 clients.

Round 148 node selection is [28, 20, 47, 29, 72, 19, 87, 68, 18, 78, 82, 85, 44, 7, 31, 16, 33, 81, 30, 41, 86, 83, 69, 73, 66, 79, 38, 1, 45, 11, 70, 95, 13, 26, 57, 56, 37, 32, 22, 3, 39, 52, 2, 24, 21, 35, 15, 77, 65, 25, 10, 55]
 taking 52 clients.

Round 149 node selection is [11, 18, 45, 10, 22, 31, 68, 26, 66, 21, 25, 2, 55, 28, 3, 78, 16, 7, 20, 79, 1, 69, 82, 24, 13, 70, 35, 65, 85, 56, 37, 57, 32, 81, 86, 77, 52, 33, 95, 41, 44, 83, 47, 38, 15, 19, 39, 73, 87, 72, 30, 29]
 taking 52 clients.

Round 150 node selection is [2, 55, 16, 87, 69, 18, 15, 85, 1, 19, 70, 37, 10, 68, 56, 11, 31, 81, 28, 21, 72, 30, 38, 20, 39, 82, 57, 95, 22, 29, 32, 73, 26, 7, 86, 66, 77, 83, 33, 35, 79, 45, 78, 13, 44, 47, 3, 52, 65, 24, 25, 41]
 taking 52 clients.

Round 151 node selection is [82, 24, 81, 57, 3, 38, 29, 26, 45, 78, 52, 1, 30, 68, 47, 79, 44, 31, 33, 56, 25, 95, 66, 11, 87, 19, 85, 77, 18, 39, 16, 72, 7, 83, 22, 69, 32, 10, 21, 70, 73, 13, 41, 65, 37, 15, 2, 55, 86, 28, 35, 20]
 taking 52 clients.

Round 152 node selection is [1, 15, 44, 52, 38, 70, 56, 18, 7, 45, 20, 29, 55, 83, 68, 32, 30, 87, 33, 57, 35, 41, 11, 2, 31, 10, 79, 65, 19, 3, 16, 24, 69, 25, 73, 85, 81, 77, 47, 13, 37, 39, 28, 95, 21, 86, 22, 66, 26, 72, 82, 78]
 taking 52 clients.

Round 153 node selection is [33, 22, 24, 16, 29, 79, 20, 31, 45, 11, 72, 15, 19, 86, 28, 65, 13, 70, 82, 3, 7, 69, 1, 41, 77, 73, 10, 18, 21, 95, 44, 57, 78, 26, 32, 55, 52, 37, 39, 30, 68, 56, 35, 87, 38, 25, 81, 47, 85, 83, 66, 2]
 taking 52 clients.

Round 154 node selection is [52, 19, 24, 32, 78, 82, 11, 57, 83, 10, 95, 39, 85, 3, 28, 73, 68, 55, 65, 70, 81, 38, 20, 18, 44, 30, 13, 56, 69, 87, 1, 72, 66, 25, 29, 2, 47, 79, 41, 35, 15, 45, 26, 33, 86, 31, 21, 37, 77, 22, 16, 7]
 taking 52 clients.

Round 155 node selection is [82, 33, 85, 26, 21, 18, 28, 56, 65, 77, 69, 86, 70, 45, 2, 41, 52, 30, 13, 68, 16, 24, 47, 73, 66, 29, 81, 25, 83, 55, 37, 10, 95, 38, 79, 22, 32, 31, 57, 3, 39, 7, 78, 1, 87, 72, 35, 11, 20, 44, 15, 19]
 taking 52 clients.

Round 156 node selection is [24, 47, 30, 78, 39, 13, 21, 2, 65, 72, 73, 87, 11, 52, 56, 33, 41, 28, 70, 16, 85, 45, 44, 95, 26, 83, 55, 29, 3, 35, 19, 38, 25, 15, 7, 32, 77, 1, 81, 10, 69, 22, 68, 37, 57, 20, 82, 18, 66, 86, 31, 79]
 taking 52 clients.

Round 157 node selection is [30, 47, 20, 55, 77, 24, 73, 21, 81, 2, 44, 78, 18, 28, 85, 33, 1, 69, 87, 45, 82, 95, 52, 25, 32, 19, 38, 29, 41, 83, 66, 31, 15, 35, 7, 26, 22, 10, 72, 86, 68, 39, 16, 13, 70, 11, 3, 57, 37, 79, 65, 56]
 taking 52 clients.

Round 158 node selection is [29, 83, 95, 41, 57, 77, 82, 25, 47, 21, 87, 70, 52, 13, 81, 55, 10, 35, 20, 38, 11, 1, 45, 15, 28, 18, 78, 33, 69, 79, 19, 26, 65, 16, 73, 37, 30, 72, 24, 66, 85, 56, 39, 31, 44, 22, 86, 2, 68, 7, 3, 32]
 taking 52 clients.

Round 159 node selection is [95, 82, 24, 2, 52, 70, 55, 16, 47, 72, 13, 29, 86, 83, 78, 45, 28, 65, 41, 66, 19, 73, 35, 85, 39, 44, 77, 79, 30, 56, 57, 37, 26, 32, 31, 25, 87, 68, 3, 10, 15, 11, 1, 22, 33, 69, 20, 18, 38, 81, 21, 7]
 taking 52 clients.

Round 160 node selection is [35, 18, 79, 82, 25, 3, 39, 10, 85, 69, 24, 86, 37, 30, 32, 55, 15, 7, 13, 29, 73, 95, 19, 57, 20, 81, 52, 72, 22, 45, 83, 87, 16, 2, 28, 21, 77, 38, 68, 41, 44, 26, 78, 56, 65, 33, 70, 31, 1, 47, 11, 66]
 taking 52 clients.

Round 161 node selection is [18, 55, 10, 79, 15, 45, 11, 68, 24, 22, 28, 16, 78, 72, 13, 29, 21, 87, 41, 70, 44, 35, 83, 30, 2, 47, 52, 86, 66, 20, 73, 95, 39, 7, 38, 77, 57, 56, 65, 1, 82, 37, 32, 19, 33, 3, 69, 85, 25, 81, 31, 26]
 taking 52 clients.

Round 162 node selection is [16, 69, 68, 21, 79, 18, 81, 66, 10, 73, 85, 31, 86, 87, 35, 33, 20, 57, 19, 32, 39, 82, 95, 37, 1, 44, 77, 38, 26, 28, 29, 55, 15, 25, 47, 22, 2, 52, 78, 3, 65, 56, 11, 13, 83, 70, 24, 41, 72, 7, 45, 30]
 taking 52 clients.

Round 163 node selection is [28, 25, 38, 21, 69, 31, 72, 24, 41, 52, 81, 16, 13, 3, 56, 86, 37, 45, 44, 70, 26, 83, 30, 33, 1, 95, 7, 18, 15, 29, 73, 10, 2, 55, 77, 78, 57, 85, 82, 79, 32, 35, 87, 68, 47, 22, 66, 65, 20, 19, 39, 11]
 taking 52 clients.

Round 164 node selection is [30, 1, 83, 13, 78, 41, 69, 20, 35, 66, 7, 45, 16, 3, 70, 29, 22, 31, 86, 77, 44, 10, 87, 57, 11, 72, 47, 95, 26, 19, 2, 73, 37, 24, 79, 55, 52, 33, 38, 39, 15, 82, 56, 65, 32, 18, 81, 25, 68, 85, 21, 28]
 taking 52 clients.

Round 165 node selection is [32, 35, 68, 70, 21, 38, 69, 15, 24, 73, 3, 28, 66, 47, 95, 72, 41, 45, 57, 20, 81, 31, 86, 79, 18, 25, 77, 19, 56, 26, 11, 7, 78, 1, 29, 65, 83, 52, 82, 87, 13, 85, 39, 33, 22, 16, 55, 44, 37, 2, 30, 10]
 taking 52 clients.

Round 166 node selection is [28, 38, 29, 11, 57, 68, 72, 66, 41, 10, 22, 45, 77, 13, 65, 26, 81, 25, 87, 37, 56, 30, 39, 52, 2, 95, 33, 19, 16, 7, 86, 78, 70, 73, 1, 32, 83, 3, 24, 79, 18, 21, 44, 35, 85, 69, 47, 15, 31, 20, 55, 82]
 taking 52 clients.

Round 167 node selection is [2, 95, 35, 15, 29, 3, 19, 33, 70, 69, 45, 24, 86, 72, 47, 82, 83, 25, 31, 38, 87, 11, 73, 10, 81, 13, 56, 41, 26, 79, 37, 68, 57, 39, 28, 32, 65, 7, 22, 78, 66, 44, 21, 77, 20, 18, 85, 1, 16, 30, 55, 52]
 taking 52 clients.

Round 168 node selection is [3, 39, 81, 38, 28, 70, 21, 95, 10, 72, 79, 1, 29, 15, 65, 30, 82, 19, 26, 57, 87, 73, 52, 32, 16, 45, 86, 69, 56, 20, 7, 22, 37, 33, 18, 44, 78, 66, 77, 55, 85, 68, 13, 2, 47, 11, 24, 41, 83, 31, 35, 25]
 taking 52 clients.

Round 169 node selection is [37, 44, 15, 73, 70, 83, 57, 72, 18, 31, 41, 24, 26, 78, 21, 38, 11, 39, 28, 10, 29, 32, 85, 20, 2, 52, 7, 47, 86, 33, 77, 55, 35, 16, 25, 45, 3, 68, 19, 66, 79, 82, 13, 30, 95, 56, 87, 69, 81, 65, 22, 1]
 taking 52 clients.

Round 170 node selection is [81, 31, 56, 85, 52, 79, 19, 2, 78, 10, 44, 7, 25, 13, 26, 65, 41, 22, 73, 66, 37, 15, 47, 11, 3, 55, 35, 29, 30, 20, 82, 86, 21, 38, 39, 24, 33, 70, 32, 95, 87, 18, 69, 57, 72, 77, 1, 45, 28, 68, 83, 16]
 taking 52 clients.

Round 171 node selection is [78, 30, 39, 55, 1, 22, 56, 2, 33, 82, 70, 20, 57, 77, 18, 66, 45, 35, 83, 19, 28, 69, 52, 79, 41, 95, 25, 24, 81, 85, 65, 13, 86, 10, 29, 37, 68, 15, 72, 38, 32, 31, 47, 11, 44, 7, 3, 87, 26, 21, 16, 73]
 taking 52 clients.

Round 172 node selection is [47, 26, 33, 81, 78, 18, 38, 79, 24, 10, 31, 39, 28, 65, 45, 1, 11, 32, 7, 15, 2, 56, 95, 22, 29, 68, 55, 20, 3, 82, 44, 83, 30, 77, 87, 85, 19, 86, 21, 70, 57, 25, 69, 13, 41, 73, 52, 35, 72, 37, 16, 66]
 taking 52 clients.

Round 173 node selection is [81, 1, 3, 69, 52, 85, 25, 18, 57, 15, 86, 2, 33, 7, 35, 32, 30, 79, 39, 11, 95, 77, 78, 21, 37, 20, 28, 73, 24, 47, 55, 19, 68, 82, 87, 83, 16, 10, 31, 29, 38, 13, 65, 22, 41, 26, 70, 56, 45, 66, 44, 72]
 taking 52 clients.

Round 174 node selection is [22, 85, 26, 3, 52, 11, 35, 20, 21, 38, 66, 25, 45, 82, 31, 57, 55, 15, 70, 37, 18, 1, 33, 68, 44, 13, 69, 47, 41, 65, 78, 83, 72, 79, 86, 73, 81, 7, 2, 56, 32, 39, 29, 77, 28, 10, 95, 24, 30, 87, 16, 19]
 taking 52 clients.

Round 175 node selection is [55, 21, 35, 19, 28, 85, 38, 65, 11, 52, 47, 72, 2, 70, 18, 39, 87, 37, 31, 15, 33, 30, 56, 3, 83, 68, 7, 57, 16, 81, 69, 86, 73, 10, 26, 77, 66, 78, 79, 45, 1, 13, 25, 44, 41, 29, 32, 20, 82, 24, 22, 95]
 taking 52 clients.

Round 176 node selection is [33, 44, 70, 1, 13, 26, 21, 66, 55, 32, 20, 16, 39, 56, 45, 87, 69, 79, 65, 22, 85, 72, 15, 19, 77, 31, 41, 3, 68, 2, 35, 38, 29, 78, 57, 95, 52, 73, 7, 28, 86, 11, 82, 25, 30, 37, 24, 83, 18, 47, 81, 10]
 taking 52 clients.

Round 177 node selection is [83, 15, 81, 87, 47, 52, 7, 70, 86, 30, 68, 95, 57, 72, 82, 45, 26, 29, 66, 24, 37, 16, 69, 3, 77, 13, 1, 65, 73, 35, 22, 19, 33, 31, 32, 79, 2, 78, 39, 41, 18, 85, 11, 21, 10, 55, 56, 28, 20, 38, 25, 44]
 taking 52 clients.

Round 178 node selection is [77, 57, 31, 33, 56, 15, 65, 55, 35, 30, 70, 3, 19, 86, 66, 24, 22, 10, 68, 87, 85, 95, 69, 7, 25, 82, 16, 20, 73, 21, 81, 28, 26, 37, 52, 41, 78, 83, 39, 79, 32, 11, 2, 13, 45, 44, 72, 18, 1, 38, 47, 29]
 taking 52 clients.

Round 179 node selection is [35, 11, 47, 77, 78, 13, 37, 79, 69, 21, 57, 30, 28, 44, 32, 41, 3, 25, 66, 52, 45, 56, 10, 95, 7, 82, 83, 18, 20, 19, 70, 68, 87, 16, 85, 2, 22, 55, 26, 72, 33, 29, 81, 31, 65, 86, 15, 73, 1, 24, 39, 38]
 taking 52 clients.

Round 180 node selection is [57, 29, 77, 15, 1, 65, 70, 81, 85, 22, 47, 16, 66, 33, 35, 13, 10, 83, 41, 86, 38, 21, 20, 95, 56, 78, 55, 87, 24, 37, 11, 28, 45, 52, 30, 25, 69, 44, 18, 32, 19, 79, 2, 7, 73, 82, 26, 3, 39, 68, 31, 72]
 taking 52 clients.

Round 181 node selection is [26, 2, 78, 35, 7, 31, 37, 56, 33, 86, 1, 20, 73, 10, 29, 41, 3, 70, 44, 11, 81, 13, 38, 77, 65, 24, 68, 57, 85, 72, 82, 39, 45, 32, 18, 47, 16, 19, 79, 28, 55, 52, 21, 30, 95, 66, 15, 87, 83, 25, 22, 69]
 taking 52 clients.

Round 182 node selection is [57, 38, 20, 45, 3, 83, 55, 85, 11, 66, 22, 69, 65, 25, 39, 56, 44, 37, 86, 10, 41, 95, 52, 70, 82, 28, 21, 79, 19, 81, 47, 35, 87, 18, 24, 15, 1, 30, 73, 2, 31, 26, 13, 68, 72, 32, 7, 77, 29, 33, 78, 16]
 taking 52 clients.

Round 183 node selection is [22, 86, 83, 30, 24, 95, 2, 10, 1, 25, 39, 15, 77, 35, 72, 70, 26, 21, 66, 73, 79, 56, 18, 68, 11, 19, 65, 44, 55, 87, 29, 47, 7, 41, 13, 85, 52, 20, 31, 37, 16, 81, 3, 57, 78, 32, 82, 28, 69, 33, 45, 38]
 taking 52 clients.

Round 184 node selection is [55, 31, 15, 68, 16, 33, 78, 7, 11, 35, 86, 52, 22, 82, 81, 79, 77, 47, 95, 87, 25, 83, 26, 41, 30, 38, 56, 19, 1, 37, 29, 85, 3, 21, 2, 65, 28, 18, 24, 13, 44, 45, 72, 57, 73, 66, 10, 69, 39, 32, 20, 70]
 taking 52 clients.

Round 185 node selection is [73, 52, 26, 65, 32, 41, 38, 72, 39, 78, 79, 18, 3, 45, 2, 13, 44, 57, 86, 47, 21, 15, 35, 70, 85, 55, 95, 11, 31, 33, 20, 25, 10, 77, 30, 69, 66, 1, 24, 37, 28, 56, 87, 7, 83, 68, 22, 16, 29, 81, 19, 82]
 taking 52 clients.

Round 186 node selection is [32, 30, 41, 38, 44, 7, 28, 22, 79, 21, 70, 20, 26, 35, 16, 55, 83, 73, 86, 52, 2, 82, 57, 1, 13, 56, 10, 95, 85, 77, 37, 45, 69, 31, 33, 72, 29, 47, 65, 3, 18, 24, 66, 68, 78, 81, 39, 25, 19, 87, 15, 11]
 taking 52 clients.

Round 187 node selection is [56, 3, 22, 52, 16, 72, 85, 21, 15, 33, 86, 82, 73, 68, 1, 35, 87, 65, 70, 31, 79, 81, 45, 18, 47, 2, 20, 44, 19, 30, 69, 39, 25, 13, 28, 7, 78, 26, 24, 57, 66, 83, 37, 55, 29, 77, 95, 41, 32, 38, 10, 11]
 taking 52 clients.

Round 188 node selection is [45, 31, 13, 15, 24, 1, 41, 77, 33, 11, 73, 56, 55, 38, 21, 69, 70, 7, 78, 82, 44, 35, 66, 19, 18, 10, 28, 32, 29, 79, 25, 16, 83, 52, 2, 39, 22, 3, 72, 37, 47, 81, 86, 65, 20, 95, 57, 68, 26, 87, 30, 85]
 taking 52 clients.

Round 189 node selection is [66, 83, 56, 81, 77, 38, 30, 2, 18, 33, 19, 73, 79, 29, 57, 87, 28, 21, 37, 26, 55, 95, 68, 7, 52, 10, 13, 70, 25, 41, 20, 3, 16, 35, 86, 44, 39, 11, 85, 69, 31, 22, 47, 65, 45, 15, 24, 78, 72, 32, 1, 82]
 taking 52 clients.

Round 190 node selection is [65, 66, 19, 52, 20, 11, 72, 56, 55, 70, 86, 3, 38, 35, 41, 83, 33, 78, 26, 10, 29, 68, 16, 69, 15, 28, 22, 39, 13, 57, 18, 44, 32, 87, 2, 79, 95, 7, 24, 37, 30, 31, 77, 25, 21, 73, 1, 82, 47, 81, 85, 45]
 taking 52 clients.

Round 191 node selection is [39, 73, 19, 26, 56, 7, 65, 44, 47, 13, 3, 30, 85, 45, 20, 52, 77, 11, 28, 10, 31, 95, 86, 81, 87, 41, 66, 33, 70, 32, 79, 57, 55, 18, 1, 16, 68, 25, 78, 29, 15, 37, 24, 82, 83, 38, 72, 22, 69, 21, 2, 35]
 taking 52 clients.

Round 192 node selection is [32, 20, 30, 26, 68, 72, 15, 73, 79, 52, 77, 21, 16, 82, 57, 85, 44, 11, 70, 22, 38, 65, 37, 83, 7, 81, 28, 31, 2, 41, 10, 47, 13, 69, 33, 29, 25, 56, 39, 24, 78, 3, 19, 95, 87, 1, 35, 86, 66, 18, 45, 55]
 taking 52 clients.

Round 193 node selection is [83, 11, 78, 65, 25, 20, 81, 86, 2, 38, 18, 26, 21, 87, 35, 68, 29, 44, 15, 56, 39, 52, 66, 32, 41, 3, 69, 10, 85, 13, 16, 31, 45, 82, 47, 22, 55, 77, 1, 33, 24, 79, 28, 95, 72, 30, 57, 37, 19, 73, 70, 7]
 taking 52 clients.

Round 194 node selection is [47, 39, 69, 28, 19, 72, 65, 52, 45, 29, 86, 20, 33, 82, 70, 78, 55, 38, 31, 87, 2, 30, 37, 7, 21, 35, 18, 81, 83, 25, 68, 1, 11, 73, 66, 24, 79, 85, 22, 56, 32, 15, 13, 77, 3, 44, 57, 41, 10, 16, 95, 26]
 taking 52 clients.

Round 195 node selection is [66, 56, 30, 29, 1, 22, 44, 19, 33, 26, 35, 45, 95, 18, 79, 24, 78, 11, 21, 41, 47, 72, 39, 3, 81, 13, 31, 32, 73, 7, 69, 85, 57, 70, 10, 25, 52, 82, 65, 68, 37, 87, 55, 2, 16, 20, 83, 77, 86, 28, 38, 15]
 taking 52 clients.

Round 196 node selection is [83, 69, 37, 32, 79, 3, 86, 15, 13, 85, 38, 33, 95, 11, 57, 2, 47, 45, 1, 22, 52, 56, 7, 70, 35, 20, 29, 68, 66, 31, 21, 10, 82, 16, 41, 73, 72, 44, 26, 87, 18, 25, 78, 19, 28, 77, 81, 65, 24, 55, 39, 30]
 taking 52 clients.

Round 197 node selection is [45, 78, 26, 79, 69, 24, 82, 37, 38, 47, 66, 77, 57, 55, 2, 52, 44, 73, 56, 86, 10, 33, 7, 19, 41, 65, 35, 87, 72, 29, 1, 16, 21, 39, 30, 68, 28, 18, 3, 25, 31, 32, 20, 15, 13, 95, 22, 81, 85, 70, 11, 83]
 taking 52 clients.

Round 198 node selection is [38, 55, 35, 20, 77, 19, 26, 52, 79, 83, 13, 32, 3, 16, 2, 56, 7, 66, 22, 81, 24, 10, 44, 33, 31, 72, 86, 45, 70, 69, 95, 11, 25, 65, 28, 82, 30, 47, 18, 1, 15, 21, 85, 73, 87, 68, 41, 78, 29, 39, 57, 37]
 taking 52 clients.

Round 199 node selection is [25, 57, 45, 7, 72, 37, 19, 68, 30, 39, 55, 70, 38, 10, 66, 18, 16, 95, 15, 33, 85, 13, 11, 79, 86, 44, 1, 47, 3, 73, 21, 87, 29, 82, 28, 26, 83, 2, 81, 20, 35, 69, 31, 65, 32, 52, 56, 77, 24, 22, 41, 78]
 taking 52 clients.

Round 200 node selection is [95, 87, 41, 2, 39, 20, 85, 1, 69, 79, 7, 26, 38, 33, 3, 15, 86, 73, 83, 47, 18, 56, 52, 13, 66, 25, 21, 16, 72, 55, 44, 30, 57, 32, 28, 31, 19, 24, 77, 65, 82, 37, 81, 11, 22, 68, 35, 10, 45, 70, 29, 78]
 taking 52 clients.

Round 201 node selection is [38, 11, 72, 7, 18, 41, 82, 31, 87, 79, 45, 35, 37, 52, 2, 81, 44, 22, 66, 13, 57, 30, 85, 69, 24, 39, 26, 10, 29, 20, 33, 15, 19, 47, 56, 95, 55, 25, 68, 65, 73, 1, 78, 21, 32, 70, 77, 28, 3, 16, 86, 83]
 taking 52 clients.

Round 202 node selection is [95, 22, 86, 87, 57, 41, 35, 39, 45, 20, 55, 25, 15, 47, 52, 56, 32, 38, 11, 81, 3, 44, 21, 7, 26, 83, 29, 10, 73, 77, 31, 69, 18, 85, 72, 70, 19, 66, 16, 78, 28, 24, 2, 37, 79, 1, 13, 82, 65, 30, 68, 33]
 taking 52 clients.

Round 203 node selection is [69, 82, 10, 52, 72, 56, 57, 41, 16, 66, 86, 44, 24, 95, 3, 20, 28, 25, 15, 38, 19, 73, 30, 68, 21, 2, 55, 87, 13, 37, 32, 79, 11, 29, 77, 7, 81, 22, 83, 47, 39, 78, 45, 33, 85, 26, 1, 65, 70, 31, 18, 35]
 taking 52 clients.

Round 204 node selection is [69, 82, 44, 86, 22, 19, 26, 3, 15, 25, 81, 37, 29, 52, 83, 72, 32, 87, 55, 45, 66, 2, 16, 20, 70, 1, 24, 31, 85, 28, 47, 56, 57, 39, 33, 68, 79, 77, 78, 18, 21, 13, 7, 73, 65, 38, 35, 95, 10, 11, 30, 41]
 taking 52 clients.

Round 205 node selection is [19, 78, 1, 41, 33, 37, 82, 28, 66, 20, 7, 15, 35, 32, 81, 87, 30, 86, 24, 68, 11, 10, 18, 31, 95, 77, 21, 16, 13, 38, 39, 44, 25, 2, 26, 85, 22, 69, 47, 57, 55, 83, 79, 73, 72, 56, 3, 29, 45, 70, 52, 65]
 taking 52 clients.

Round 206 node selection is [77, 69, 38, 25, 73, 10, 11, 81, 15, 41, 95, 47, 19, 83, 65, 31, 78, 3, 56, 87, 57, 39, 29, 52, 18, 70, 16, 7, 33, 79, 24, 30, 72, 44, 1, 26, 13, 22, 32, 82, 28, 68, 2, 45, 85, 35, 66, 37, 20, 21, 86, 55]
 taking 52 clients.

Round 207 node selection is [11, 38, 10, 26, 41, 31, 45, 25, 72, 81, 21, 83, 24, 28, 65, 29, 44, 32, 95, 57, 86, 15, 73, 19, 85, 2, 13, 16, 39, 7, 37, 18, 79, 20, 55, 70, 78, 52, 22, 1, 30, 47, 87, 33, 66, 82, 77, 56, 3, 35, 68, 69]
 taking 52 clients.

Round 208 node selection is [68, 33, 79, 2, 57, 47, 85, 18, 7, 20, 10, 3, 30, 21, 1, 73, 52, 70, 56, 16, 87, 69, 22, 78, 72, 41, 15, 86, 95, 19, 39, 32, 82, 35, 11, 29, 45, 55, 38, 65, 25, 31, 28, 24, 77, 44, 37, 83, 13, 81, 66, 26]
 taking 52 clients.

Round 209 node selection is [55, 73, 56, 30, 44, 52, 82, 38, 70, 31, 86, 39, 2, 22, 87, 10, 25, 21, 33, 77, 72, 45, 69, 83, 68, 41, 13, 19, 37, 7, 26, 47, 24, 20, 57, 35, 85, 95, 79, 65, 66, 78, 29, 18, 15, 11, 1, 16, 32, 81, 28, 3]
 taking 52 clients.

Round 210 node selection is [25, 69, 77, 78, 66, 82, 1, 32, 39, 28, 83, 79, 31, 19, 70, 26, 55, 56, 21, 73, 13, 57, 2, 41, 10, 65, 18, 87, 11, 33, 86, 52, 24, 95, 45, 22, 3, 81, 29, 37, 20, 72, 15, 16, 85, 44, 30, 38, 7, 35, 47, 68]
 taking 52 clients.

Round 211 node selection is [3, 39, 13, 35, 78, 81, 37, 73, 26, 28, 24, 25, 86, 21, 32, 72, 57, 79, 19, 77, 30, 83, 41, 44, 56, 85, 69, 11, 87, 66, 10, 20, 65, 95, 16, 31, 22, 45, 38, 2, 68, 70, 47, 55, 7, 1, 52, 82, 33, 29, 15, 18]
 taking 52 clients.

Round 212 node selection is [70, 66, 87, 55, 3, 19, 56, 32, 79, 85, 95, 24, 7, 25, 11, 21, 57, 65, 44, 39, 78, 82, 83, 86, 41, 20, 10, 13, 1, 73, 29, 33, 15, 31, 16, 28, 38, 35, 26, 69, 22, 52, 47, 30, 2, 72, 68, 45, 18, 77, 81, 37]
 taking 52 clients.

Round 213 node selection is [2, 73, 3, 33, 38, 83, 72, 31, 70, 10, 85, 79, 69, 82, 24, 18, 65, 81, 25, 15, 20, 95, 7, 26, 1, 30, 22, 52, 35, 78, 29, 45, 21, 28, 11, 56, 87, 47, 57, 55, 66, 86, 13, 39, 19, 68, 37, 16, 32, 41, 44, 77]
 taking 52 clients.

Round 214 node selection is [18, 2, 68, 35, 73, 26, 32, 7, 87, 13, 52, 39, 95, 56, 85, 83, 72, 66, 70, 1, 47, 16, 21, 19, 10, 86, 38, 44, 33, 20, 57, 11, 31, 37, 45, 22, 65, 55, 41, 24, 3, 28, 29, 82, 30, 79, 77, 25, 78, 81, 69, 15]
 taking 52 clients.

Round 215 node selection is [30, 18, 79, 21, 45, 7, 10, 26, 29, 77, 44, 87, 82, 69, 72, 73, 41, 86, 11, 70, 47, 1, 39, 3, 52, 55, 20, 81, 78, 15, 56, 24, 2, 16, 83, 66, 28, 65, 95, 57, 38, 32, 31, 33, 25, 35, 68, 37, 22, 19, 85, 13]
 taking 52 clients.

Round 216 node selection is [16, 73, 38, 18, 39, 69, 29, 66, 31, 10, 47, 44, 95, 2, 19, 1, 86, 20, 21, 41, 28, 72, 45, 22, 70, 37, 87, 25, 81, 13, 55, 56, 26, 65, 57, 78, 3, 77, 30, 79, 32, 33, 52, 83, 24, 85, 35, 15, 7, 11, 82, 68]
 taking 52 clients.

Round 217 node selection is [30, 79, 29, 11, 13, 86, 52, 31, 87, 70, 69, 78, 81, 15, 16, 21, 20, 45, 37, 95, 26, 55, 41, 73, 10, 44, 77, 68, 33, 22, 65, 32, 83, 18, 35, 3, 7, 85, 24, 19, 57, 47, 72, 39, 38, 66, 28, 82, 56, 25, 2, 1]
 taking 52 clients.

Round 218 node selection is [86, 1, 38, 15, 33, 2, 87, 7, 56, 95, 65, 72, 55, 45, 37, 41, 29, 25, 73, 16, 52, 30, 85, 66, 22, 26, 44, 78, 19, 3, 11, 28, 18, 35, 69, 79, 82, 21, 10, 13, 83, 39, 77, 70, 31, 47, 68, 81, 32, 20, 57, 24]
 taking 52 clients.

Round 219 node selection is [65, 3, 1, 72, 25, 44, 31, 70, 45, 66, 35, 87, 56, 38, 16, 52, 83, 33, 86, 77, 15, 19, 73, 20, 32, 79, 55, 41, 7, 2, 68, 78, 39, 57, 37, 21, 11, 28, 69, 95, 22, 24, 30, 82, 13, 26, 85, 81, 18, 47, 10, 29]
 taking 52 clients.

Round 220 node selection is [13, 3, 69, 44, 28, 24, 77, 15, 16, 41, 21, 20, 33, 39, 30, 47, 1, 95, 52, 70, 79, 26, 66, 35, 85, 65, 7, 37, 11, 10, 31, 72, 22, 81, 82, 56, 38, 87, 25, 57, 86, 45, 68, 2, 19, 55, 29, 78, 32, 83, 18, 73]
 taking 52 clients.

Round 221 node selection is [13, 1, 11, 3, 73, 44, 26, 10, 57, 38, 20, 2, 55, 70, 82, 28, 33, 30, 7, 72, 21, 18, 22, 29, 77, 35, 85, 83, 15, 39, 56, 16, 81, 79, 95, 31, 78, 32, 37, 87, 41, 68, 25, 24, 69, 52, 19, 66, 47, 86, 45, 65]
 taking 52 clients.

Round 222 node selection is [1, 16, 33, 19, 82, 28, 72, 3, 29, 18, 83, 87, 2, 24, 32, 57, 41, 25, 77, 13, 95, 69, 55, 11, 10, 30, 85, 15, 26, 78, 22, 35, 73, 47, 52, 21, 37, 86, 56, 20, 45, 79, 70, 39, 7, 38, 44, 68, 31, 65, 66, 81]
 taking 52 clients.

Round 223 node selection is [65, 95, 15, 30, 22, 13, 35, 18, 69, 82, 39, 11, 20, 68, 29, 37, 1, 52, 41, 19, 10, 86, 72, 45, 16, 21, 78, 56, 83, 47, 38, 31, 26, 87, 81, 85, 28, 32, 66, 57, 2, 7, 79, 73, 77, 25, 44, 70, 33, 24, 3, 55]
 taking 52 clients.

Round 224 node selection is [18, 31, 11, 19, 86, 52, 70, 95, 30, 35, 22, 25, 81, 41, 72, 20, 79, 83, 77, 45, 73, 2, 7, 37, 69, 39, 29, 13, 24, 82, 56, 57, 65, 33, 87, 28, 16, 21, 47, 38, 15, 44, 10, 3, 26, 66, 68, 78, 85, 55, 1, 32]
 taking 52 clients.

Round 225 node selection is [44, 39, 15, 86, 7, 2, 68, 32, 66, 25, 82, 73, 16, 81, 3, 41, 31, 13, 1, 18, 52, 87, 78, 19, 70, 24, 21, 26, 20, 79, 83, 38, 69, 57, 85, 29, 65, 30, 11, 35, 56, 72, 47, 37, 22, 28, 10, 77, 33, 55, 45, 95]
 taking 52 clients.

Round 226 node selection is [79, 24, 83, 73, 35, 31, 47, 32, 45, 77, 10, 55, 15, 13, 21, 86, 29, 52, 19, 65, 33, 78, 44, 81, 39, 16, 66, 25, 28, 85, 68, 20, 69, 7, 2, 18, 38, 56, 82, 22, 3, 26, 95, 37, 30, 72, 87, 1, 11, 41, 70, 57]
 taking 52 clients.

Round 227 node selection is [66, 56, 39, 28, 15, 37, 85, 21, 18, 81, 31, 38, 77, 78, 7, 29, 73, 83, 33, 55, 72, 2, 19, 41, 24, 95, 44, 57, 79, 87, 13, 52, 30, 82, 35, 22, 1, 86, 45, 32, 26, 3, 25, 11, 65, 10, 20, 69, 47, 16, 68, 70]
 taking 52 clients.

Round 228 node selection is [25, 85, 1, 82, 69, 44, 26, 37, 24, 33, 38, 52, 77, 20, 30, 47, 56, 45, 3, 7, 41, 65, 78, 35, 79, 28, 57, 10, 68, 2, 29, 81, 72, 83, 70, 13, 15, 31, 18, 87, 22, 19, 55, 95, 21, 11, 39, 16, 66, 32, 86, 73]
 taking 52 clients.

Round 229 node selection is [32, 15, 28, 82, 52, 78, 73, 45, 13, 21, 2, 44, 87, 81, 66, 72, 3, 39, 85, 68, 83, 65, 20, 26, 70, 38, 24, 86, 33, 77, 19, 47, 56, 7, 31, 57, 10, 37, 1, 95, 16, 25, 55, 69, 79, 22, 35, 18, 29, 11, 30, 41]
 taking 52 clients.

Round 230 node selection is [13, 44, 38, 47, 87, 68, 33, 30, 72, 37, 25, 18, 7, 15, 66, 79, 52, 29, 20, 32, 65, 16, 31, 24, 70, 55, 95, 82, 86, 35, 85, 69, 28, 73, 78, 11, 41, 45, 83, 1, 2, 10, 56, 3, 26, 57, 77, 39, 21, 81, 22, 19]
 taking 52 clients.

Round 231 node selection is [28, 66, 30, 13, 39, 18, 41, 22, 29, 44, 95, 2, 11, 85, 78, 83, 32, 87, 33, 31, 16, 37, 70, 69, 77, 55, 21, 81, 45, 47, 73, 56, 57, 24, 26, 68, 38, 25, 19, 20, 15, 10, 35, 86, 82, 72, 3, 79, 52, 65, 1, 7]
 taking 52 clients.

Round 232 node selection is [69, 22, 86, 72, 65, 2, 25, 47, 30, 44, 66, 16, 15, 20, 57, 38, 13, 52, 81, 21, 33, 77, 37, 28, 24, 7, 10, 3, 56, 29, 45, 11, 1, 32, 73, 85, 82, 95, 68, 87, 83, 78, 35, 19, 31, 70, 39, 55, 41, 79, 18, 26]
 taking 52 clients.

Round 233 node selection is [26, 21, 55, 73, 82, 95, 19, 87, 33, 85, 70, 38, 37, 2, 52, 30, 79, 24, 20, 57, 35, 66, 10, 56, 29, 44, 39, 41, 69, 32, 1, 13, 72, 31, 65, 25, 78, 3, 7, 22, 28, 16, 83, 18, 11, 68, 86, 45, 47, 77, 81, 15]
 taking 52 clients.

Round 234 node selection is [56, 33, 39, 13, 45, 7, 19, 22, 95, 32, 31, 26, 18, 35, 15, 38, 2, 82, 21, 55, 52, 87, 70, 1, 44, 25, 83, 10, 29, 28, 79, 41, 57, 11, 20, 16, 81, 66, 47, 78, 72, 68, 69, 37, 85, 3, 30, 86, 77, 65, 24, 73]
 taking 52 clients.

Round 235 node selection is [70, 56, 44, 30, 38, 41, 16, 85, 18, 35, 66, 10, 73, 83, 33, 31, 32, 3, 1, 72, 15, 22, 25, 37, 65, 28, 95, 57, 87, 68, 78, 79, 24, 29, 2, 39, 47, 7, 26, 21, 55, 11, 19, 20, 82, 69, 81, 52, 45, 77, 86, 13]
 taking 52 clients.

Round 236 node selection is [2, 69, 83, 47, 73, 3, 79, 56, 95, 37, 87, 32, 81, 39, 86, 68, 21, 45, 65, 41, 78, 55, 13, 16, 33, 52, 26, 70, 7, 31, 11, 10, 25, 1, 57, 18, 22, 19, 35, 77, 38, 85, 82, 72, 20, 30, 29, 15, 66, 44, 28, 24]
 taking 52 clients.

Round 237 node selection is [33, 16, 81, 83, 79, 95, 47, 19, 28, 2, 30, 69, 41, 20, 31, 72, 73, 39, 22, 87, 37, 86, 3, 32, 18, 24, 82, 45, 68, 38, 55, 15, 85, 52, 21, 66, 57, 70, 44, 77, 26, 7, 1, 29, 25, 56, 13, 35, 11, 65, 10, 78]
 taking 52 clients.

Round 238 node selection is [18, 81, 55, 7, 10, 15, 29, 72, 83, 57, 85, 86, 52, 35, 66, 31, 30, 79, 37, 25, 22, 45, 95, 82, 32, 38, 26, 2, 73, 33, 47, 1, 3, 24, 11, 87, 20, 19, 28, 78, 16, 68, 39, 13, 41, 56, 44, 21, 77, 70, 65, 69]
 taking 52 clients.

Round 239 node selection is [70, 86, 29, 44, 32, 55, 57, 1, 95, 24, 26, 85, 65, 66, 19, 16, 87, 45, 21, 3, 47, 11, 81, 38, 30, 25, 83, 18, 28, 72, 41, 39, 68, 31, 73, 20, 78, 10, 33, 56, 13, 35, 69, 22, 52, 7, 37, 2, 79, 15, 77, 82]
 taking 52 clients.

Round 240 node selection is [85, 32, 35, 7, 16, 26, 72, 65, 47, 95, 79, 77, 15, 57, 66, 2, 24, 11, 83, 33, 30, 13, 86, 70, 1, 73, 69, 68, 3, 82, 29, 21, 78, 45, 37, 25, 52, 22, 28, 41, 31, 18, 56, 39, 19, 10, 44, 81, 20, 38, 87, 55]
 taking 52 clients.

Round 241 node selection is [33, 85, 77, 22, 10, 86, 66, 15, 45, 41, 28, 31, 83, 35, 56, 81, 19, 38, 32, 2, 30, 69, 78, 13, 95, 18, 87, 39, 21, 73, 65, 26, 25, 72, 11, 3, 20, 52, 29, 57, 55, 44, 37, 68, 47, 7, 82, 70, 16, 1, 24, 79]
 taking 52 clients.

Round 242 node selection is [57, 16, 30, 85, 3, 68, 21, 7, 78, 56, 15, 45, 26, 72, 38, 11, 22, 95, 1, 79, 66, 20, 81, 33, 18, 28, 77, 41, 73, 25, 31, 13, 44, 2, 87, 69, 82, 29, 37, 24, 83, 65, 35, 19, 32, 10, 39, 70, 47, 55, 86, 52]
 taking 52 clients.

Round 243 node selection is [22, 70, 65, 16, 85, 18, 3, 83, 47, 32, 24, 87, 2, 68, 39, 78, 56, 69, 19, 72, 7, 30, 45, 66, 20, 82, 11, 52, 73, 25, 44, 37, 57, 28, 15, 77, 33, 21, 81, 10, 31, 55, 86, 1, 41, 79, 95, 29, 35, 26, 38, 13]
 taking 52 clients.

Round 244 node selection is [25, 66, 82, 45, 38, 10, 18, 55, 56, 32, 28, 26, 15, 85, 77, 33, 86, 68, 29, 19, 47, 31, 41, 30, 1, 52, 7, 2, 72, 69, 70, 73, 44, 39, 57, 83, 13, 81, 95, 65, 24, 87, 79, 22, 3, 35, 20, 78, 16, 11, 37, 21]
 taking 52 clients.

Round 245 node selection is [20, 70, 87, 44, 72, 35, 38, 19, 81, 78, 30, 86, 16, 29, 82, 56, 10, 65, 41, 66, 25, 52, 69, 57, 3, 95, 83, 18, 31, 7, 26, 68, 11, 79, 22, 73, 33, 37, 47, 13, 85, 77, 39, 21, 1, 45, 24, 28, 32, 2, 15, 55]
 taking 52 clients.

Round 246 node selection is [13, 1, 95, 26, 87, 78, 38, 77, 57, 2, 44, 32, 24, 73, 31, 66, 33, 82, 47, 18, 70, 52, 85, 55, 19, 35, 10, 86, 25, 37, 81, 30, 7, 28, 79, 20, 69, 65, 3, 68, 15, 41, 16, 39, 45, 29, 83, 11, 22, 21, 72, 56]
 taking 52 clients.

Round 247 node selection is [32, 33, 22, 7, 24, 39, 18, 35, 38, 26, 19, 3, 37, 29, 11, 16, 21, 2, 69, 41, 57, 72, 56, 25, 31, 1, 30, 65, 47, 45, 68, 73, 55, 81, 20, 83, 13, 10, 86, 95, 70, 15, 87, 77, 52, 79, 66, 82, 78, 85, 28, 44]
 taking 52 clients.

Round 248 node selection is [79, 11, 78, 13, 39, 1, 35, 41, 85, 22, 21, 24, 38, 45, 3, 18, 57, 66, 69, 47, 37, 81, 15, 26, 55, 32, 28, 44, 33, 68, 77, 19, 70, 29, 82, 83, 87, 16, 95, 52, 86, 72, 10, 7, 73, 25, 20, 65, 31, 30, 56, 2]
 taking 52 clients.

Round 249 node selection is [19, 28, 2, 21, 95, 47, 39, 56, 1, 16, 72, 18, 66, 33, 83, 79, 20, 31, 81, 3, 78, 29, 69, 37, 70, 7, 77, 41, 26, 10, 22, 86, 82, 65, 52, 35, 87, 57, 45, 68, 25, 15, 13, 38, 24, 73, 85, 55, 30, 11, 32, 44]
 taking 52 clients.

Round 250 node selection is [41, 85, 7, 82, 73, 79, 83, 2, 78, 66, 3, 24, 44, 87, 20, 22, 57, 1, 37, 69, 56, 86, 19, 39, 10, 26, 32, 68, 18, 16, 15, 13, 38, 21, 30, 81, 72, 33, 95, 55, 47, 52, 45, 25, 11, 65, 77, 28, 29, 35, 31, 70]
 taking 52 clients.

Round 251 node selection is [56, 55, 41, 37, 47, 3, 29, 39, 13, 73, 68, 78, 66, 15, 16, 87, 22, 44, 95, 11, 45, 31, 18, 38, 85, 79, 77, 2, 21, 33, 82, 32, 52, 20, 10, 70, 35, 81, 30, 26, 19, 25, 1, 86, 24, 65, 57, 7, 83, 72, 28, 69]
 taking 52 clients.

Round 252 node selection is [37, 7, 1, 29, 87, 13, 78, 32, 73, 16, 85, 66, 86, 35, 82, 28, 44, 39, 52, 2, 56, 47, 83, 26, 95, 77, 69, 68, 24, 57, 18, 31, 20, 55, 65, 72, 30, 45, 21, 3, 22, 10, 79, 25, 41, 81, 33, 15, 11, 38, 19, 70]
 taking 52 clients.

Round 253 node selection is [10, 16, 52, 21, 56, 3, 79, 70, 87, 38, 73, 47, 44, 30, 55, 11, 39, 13, 22, 77, 25, 45, 20, 65, 32, 26, 29, 18, 81, 37, 2, 83, 66, 72, 85, 41, 31, 95, 28, 24, 7, 19, 15, 33, 1, 86, 69, 57, 68, 82, 35, 78]
 taking 52 clients.

Round 254 node selection is [87, 44, 28, 31, 26, 86, 18, 70, 72, 78, 77, 79, 25, 73, 37, 47, 83, 22, 68, 45, 52, 33, 82, 10, 66, 56, 13, 95, 20, 7, 32, 24, 16, 21, 11, 3, 30, 41, 57, 35, 39, 85, 38, 2, 69, 65, 1, 81, 15, 19, 29, 55]
 taking 52 clients.

Round 255 node selection is [15, 10, 77, 29, 56, 79, 28, 37, 82, 13, 39, 19, 83, 45, 7, 44, 73, 24, 11, 70, 66, 1, 65, 22, 55, 25, 95, 47, 18, 32, 16, 68, 21, 31, 20, 52, 35, 86, 3, 81, 87, 33, 38, 69, 85, 72, 2, 41, 30, 78, 26, 57]
 taking 52 clients.

Round 256 node selection is [82, 47, 3, 35, 37, 28, 25, 87, 68, 41, 52, 19, 77, 72, 24, 70, 32, 33, 11, 1, 56, 10, 38, 45, 57, 44, 85, 83, 30, 79, 31, 21, 16, 26, 66, 81, 78, 73, 15, 55, 95, 13, 7, 18, 39, 2, 86, 65, 20, 22, 29, 69]
 taking 52 clients.

Round 257 node selection is [86, 15, 68, 22, 57, 82, 69, 41, 30, 77, 1, 28, 37, 72, 10, 21, 16, 25, 87, 18, 78, 31, 2, 81, 44, 11, 52, 65, 20, 85, 29, 24, 13, 95, 7, 73, 33, 56, 70, 83, 66, 26, 32, 35, 19, 47, 79, 38, 39, 3, 55, 45]
 taking 52 clients.

Round 258 node selection is [32, 73, 37, 83, 79, 22, 26, 3, 85, 18, 69, 31, 45, 28, 86, 70, 24, 35, 20, 38, 81, 41, 87, 15, 30, 66, 55, 39, 7, 25, 29, 68, 82, 65, 11, 16, 47, 19, 44, 52, 72, 1, 77, 21, 13, 95, 78, 33, 10, 57, 56, 2]
 taking 52 clients.

Round 259 node selection is [44, 20, 82, 22, 32, 69, 10, 1, 47, 26, 57, 35, 55, 28, 21, 37, 45, 39, 77, 29, 30, 56, 68, 52, 66, 19, 38, 31, 18, 73, 85, 78, 86, 16, 11, 72, 33, 87, 7, 65, 2, 81, 24, 3, 13, 83, 95, 41, 79, 25, 70, 15]
 taking 52 clients.

Round 260 node selection is [22, 95, 38, 10, 11, 39, 72, 79, 28, 52, 70, 81, 18, 1, 77, 87, 73, 69, 83, 31, 25, 24, 29, 20, 32, 30, 33, 41, 86, 3, 45, 68, 44, 26, 35, 19, 2, 7, 16, 13, 57, 65, 37, 82, 21, 85, 66, 55, 56, 78, 47, 15]
 taking 52 clients.

Round 261 node selection is [29, 87, 20, 81, 78, 52, 25, 35, 85, 2, 44, 66, 77, 82, 19, 65, 70, 69, 24, 56, 26, 32, 79, 38, 33, 15, 83, 30, 39, 72, 13, 57, 55, 86, 18, 31, 73, 47, 10, 68, 45, 3, 95, 28, 16, 41, 1, 21, 11, 37, 7, 22]
 taking 52 clients.

Round 262 node selection is [82, 22, 37, 16, 78, 1, 7, 26, 33, 73, 44, 2, 81, 11, 35, 20, 29, 32, 3, 70, 13, 30, 69, 41, 86, 28, 47, 10, 95, 87, 72, 85, 83, 65, 15, 31, 66, 45, 38, 56, 52, 79, 55, 68, 24, 21, 19, 77, 25, 57, 39, 18]
 taking 52 clients.

Round 263 node selection is [69, 45, 38, 85, 44, 81, 78, 15, 79, 41, 83, 20, 73, 3, 33, 39, 86, 70, 25, 95, 68, 11, 7, 72, 16, 82, 19, 26, 52, 56, 22, 66, 87, 29, 57, 77, 55, 10, 30, 37, 65, 21, 32, 28, 18, 13, 2, 47, 24, 31, 35, 1]
 taking 52 clients.

Round 264 node selection is [69, 57, 95, 21, 37, 7, 87, 56, 10, 3, 22, 68, 35, 70, 82, 29, 55, 81, 28, 73, 13, 31, 45, 77, 47, 86, 30, 15, 24, 2, 85, 26, 33, 1, 79, 52, 16, 44, 39, 78, 72, 65, 32, 83, 41, 38, 18, 66, 19, 11, 25, 20]
 taking 52 clients.

Round 265 node selection is [21, 30, 31, 26, 81, 70, 2, 73, 83, 7, 55, 11, 39, 44, 78, 79, 72, 22, 87, 37, 33, 28, 13, 18, 32, 29, 10, 16, 45, 69, 68, 86, 25, 52, 47, 82, 38, 95, 41, 15, 56, 1, 85, 24, 19, 66, 57, 3, 20, 35, 77, 65]
 taking 52 clients.

Round 266 node selection is [69, 47, 68, 11, 25, 1, 2, 39, 10, 21, 44, 56, 35, 24, 86, 77, 16, 28, 45, 38, 73, 33, 19, 70, 31, 72, 83, 52, 32, 57, 81, 79, 87, 29, 95, 78, 26, 66, 3, 30, 13, 65, 15, 82, 22, 20, 18, 85, 41, 55, 37, 7]
 taking 52 clients.

Round 267 node selection is [31, 41, 10, 82, 19, 72, 68, 7, 33, 28, 77, 11, 44, 95, 70, 21, 20, 38, 24, 86, 52, 13, 47, 83, 69, 56, 39, 16, 81, 57, 1, 66, 29, 87, 55, 78, 37, 30, 2, 3, 22, 18, 35, 45, 15, 65, 26, 79, 73, 32, 85, 25]
 taking 52 clients.

Round 268 node selection is [20, 79, 16, 33, 55, 66, 69, 37, 83, 38, 72, 29, 45, 15, 31, 87, 65, 11, 28, 18, 39, 52, 95, 47, 13, 30, 73, 78, 3, 57, 21, 41, 85, 2, 7, 35, 1, 82, 70, 68, 32, 24, 56, 81, 25, 26, 86, 44, 22, 10, 77, 19]
 taking 52 clients.

Round 269 node selection is [81, 38, 31, 44, 69, 7, 15, 41, 33, 83, 19, 16, 11, 20, 72, 95, 86, 73, 70, 78, 24, 29, 82, 68, 2, 85, 18, 3, 22, 56, 47, 45, 39, 28, 10, 13, 79, 32, 65, 52, 77, 37, 26, 57, 87, 30, 35, 55, 1, 21, 66, 25]
 taking 52 clients.

Round 270 node selection is [66, 39, 25, 10, 7, 26, 35, 37, 44, 68, 69, 19, 28, 95, 83, 22, 20, 33, 47, 73, 3, 56, 18, 70, 78, 57, 38, 81, 1, 77, 86, 2, 32, 21, 31, 65, 24, 15, 45, 11, 82, 41, 52, 79, 87, 55, 30, 72, 13, 29, 85, 16]
 taking 52 clients.

Round 271 node selection is [56, 72, 37, 57, 44, 35, 32, 18, 81, 24, 26, 20, 30, 82, 65, 85, 3, 29, 41, 45, 28, 19, 47, 15, 83, 87, 66, 16, 1, 33, 25, 78, 31, 13, 70, 38, 52, 7, 73, 11, 55, 2, 22, 77, 10, 79, 39, 86, 21, 68, 69, 95]
 taking 52 clients.

Round 272 node selection is [18, 38, 31, 86, 20, 35, 47, 52, 82, 32, 83, 28, 44, 7, 37, 13, 21, 68, 41, 56, 70, 3, 25, 81, 95, 39, 85, 11, 22, 19, 79, 33, 30, 72, 87, 45, 57, 65, 29, 69, 73, 77, 15, 66, 10, 1, 24, 16, 55, 78, 2, 26]
 taking 52 clients.

Round 273 node selection is [86, 37, 57, 2, 81, 41, 52, 65, 47, 38, 18, 11, 56, 85, 79, 95, 55, 22, 13, 70, 87, 30, 32, 7, 26, 21, 28, 45, 3, 16, 73, 69, 66, 72, 44, 83, 31, 82, 15, 68, 10, 78, 25, 35, 29, 20, 19, 33, 24, 39, 1, 77]
 taking 52 clients.

Round 274 node selection is [38, 30, 65, 86, 1, 79, 31, 83, 39, 35, 20, 87, 56, 45, 81, 7, 28, 18, 16, 26, 72, 24, 32, 19, 22, 52, 70, 73, 55, 85, 57, 95, 37, 10, 47, 68, 33, 25, 78, 2, 15, 29, 66, 41, 82, 44, 77, 13, 11, 21, 3, 69]
 taking 52 clients.

Round 275 node selection is [79, 41, 22, 95, 15, 3, 85, 87, 66, 33, 32, 86, 35, 2, 73, 45, 7, 10, 16, 28, 47, 21, 11, 19, 55, 24, 31, 81, 26, 83, 72, 57, 77, 13, 39, 82, 30, 29, 52, 25, 56, 20, 18, 38, 1, 65, 37, 78, 70, 68, 44, 69]
 taking 52 clients.

Round 276 node selection is [70, 19, 16, 73, 18, 57, 79, 3, 52, 41, 78, 38, 26, 35, 29, 25, 2, 55, 33, 7, 68, 22, 47, 11, 82, 1, 45, 39, 20, 95, 69, 13, 10, 21, 56, 44, 85, 81, 65, 37, 72, 87, 31, 83, 66, 32, 77, 15, 24, 28, 86, 30]
 taking 52 clients.

Round 277 node selection is [41, 87, 77, 55, 85, 66, 22, 20, 31, 18, 37, 21, 33, 10, 68, 95, 57, 44, 65, 35, 83, 38, 11, 2, 79, 15, 16, 24, 52, 45, 30, 25, 19, 1, 39, 86, 73, 3, 47, 78, 56, 70, 72, 81, 82, 28, 69, 29, 26, 13, 7, 32]
 taking 52 clients.

Round 278 node selection is [24, 44, 65, 82, 79, 7, 38, 52, 28, 18, 15, 83, 33, 47, 55, 30, 2, 70, 39, 45, 81, 21, 66, 87, 16, 86, 95, 3, 19, 35, 68, 37, 22, 72, 56, 69, 13, 78, 1, 11, 41, 25, 29, 10, 57, 73, 20, 32, 31, 85, 26, 77]
 taking 52 clients.

Round 279 node selection is [45, 81, 28, 86, 26, 44, 95, 11, 55, 38, 21, 19, 79, 73, 1, 37, 35, 31, 87, 77, 41, 3, 7, 24, 70, 78, 33, 25, 83, 20, 69, 72, 82, 30, 52, 57, 29, 68, 2, 32, 85, 65, 15, 47, 16, 66, 56, 22, 10, 18, 13, 39]
 taking 52 clients.

Round 280 node selection is [2, 20, 45, 41, 65, 44, 85, 28, 73, 77, 21, 56, 87, 95, 37, 81, 66, 78, 13, 72, 69, 31, 19, 39, 83, 55, 35, 68, 1, 26, 32, 30, 86, 29, 52, 47, 33, 15, 25, 3, 22, 38, 24, 7, 70, 16, 79, 11, 10, 18, 57, 82]
 taking 52 clients.

Round 281 node selection is [18, 15, 72, 13, 32, 73, 45, 57, 25, 87, 31, 24, 30, 66, 70, 21, 19, 29, 69, 35, 7, 1, 22, 56, 47, 28, 44, 83, 85, 38, 2, 65, 16, 3, 77, 52, 11, 55, 20, 33, 39, 41, 68, 78, 95, 86, 79, 10, 82, 37, 26, 81]
 taking 52 clients.

Round 282 node selection is [2, 57, 35, 77, 95, 26, 68, 83, 16, 24, 18, 33, 29, 38, 15, 21, 47, 3, 55, 41, 28, 25, 45, 13, 7, 10, 31, 72, 78, 1, 19, 32, 39, 73, 11, 79, 85, 81, 56, 20, 52, 69, 37, 65, 86, 66, 44, 87, 70, 30, 82, 22]
 taking 52 clients.

Round 283 node selection is [18, 72, 16, 82, 15, 69, 45, 29, 1, 87, 57, 73, 39, 28, 68, 2, 13, 38, 21, 79, 11, 10, 44, 19, 22, 35, 33, 32, 70, 78, 24, 7, 65, 56, 86, 31, 95, 47, 3, 25, 83, 52, 41, 81, 85, 55, 37, 20, 30, 26, 77, 66]
 taking 52 clients.

Round 284 node selection is [47, 41, 20, 29, 68, 22, 1, 57, 15, 24, 30, 69, 85, 19, 65, 35, 44, 3, 21, 56, 26, 79, 86, 82, 66, 13, 18, 72, 77, 95, 70, 78, 83, 55, 87, 25, 73, 31, 52, 39, 2, 81, 38, 7, 10, 37, 28, 45, 33, 11, 32, 16]
 taking 52 clients.

Round 285 node selection is [57, 11, 86, 15, 68, 65, 2, 81, 19, 69, 56, 52, 73, 32, 21, 72, 47, 55, 78, 37, 87, 85, 3, 13, 35, 66, 16, 29, 22, 44, 30, 77, 41, 83, 25, 79, 70, 82, 24, 31, 38, 18, 45, 28, 39, 33, 7, 95, 26, 20, 10, 1]
 taking 52 clients.

Round 286 node selection is [79, 21, 38, 10, 19, 26, 35, 77, 56, 47, 1, 29, 30, 87, 45, 33, 69, 65, 3, 11, 31, 86, 2, 66, 68, 52, 72, 32, 24, 18, 95, 41, 57, 83, 15, 73, 37, 85, 55, 25, 20, 70, 7, 44, 28, 22, 16, 13, 82, 81, 39, 78]
 taking 52 clients.

Round 287 node selection is [87, 38, 24, 56, 18, 30, 10, 73, 20, 26, 86, 32, 35, 21, 69, 37, 19, 45, 11, 95, 3, 1, 15, 57, 41, 39, 82, 66, 44, 70, 25, 52, 16, 81, 31, 78, 7, 47, 55, 79, 83, 33, 28, 22, 13, 29, 72, 65, 85, 2, 68, 77]
 taking 52 clients.

Round 288 node selection is [26, 72, 52, 79, 39, 19, 68, 11, 25, 18, 82, 1, 28, 20, 66, 31, 2, 57, 22, 65, 30, 56, 45, 10, 81, 3, 55, 24, 70, 83, 41, 86, 95, 85, 16, 78, 33, 44, 7, 73, 69, 77, 29, 47, 13, 87, 15, 38, 35, 21, 37, 32]
 taking 52 clients.

Round 289 node selection is [56, 15, 79, 39, 13, 72, 22, 41, 32, 38, 24, 73, 55, 11, 52, 25, 68, 78, 57, 35, 18, 65, 19, 81, 7, 21, 77, 10, 82, 2, 26, 70, 44, 33, 30, 86, 69, 31, 1, 45, 16, 3, 87, 29, 95, 83, 20, 85, 66, 47, 37, 28]
 taking 52 clients.

Round 290 node selection is [29, 45, 66, 65, 82, 52, 7, 35, 73, 11, 38, 32, 13, 55, 37, 22, 85, 10, 41, 3, 25, 47, 81, 39, 33, 20, 70, 19, 18, 72, 78, 2, 1, 15, 44, 16, 68, 87, 56, 86, 57, 28, 31, 69, 21, 30, 26, 79, 24, 83, 95, 77]
 taking 52 clients.

Round 291 node selection is [2, 82, 77, 32, 95, 81, 73, 7, 85, 57, 69, 15, 41, 44, 56, 66, 28, 37, 22, 31, 10, 33, 78, 35, 19, 1, 72, 87, 65, 79, 18, 70, 24, 21, 47, 38, 16, 25, 11, 26, 86, 52, 39, 45, 55, 3, 20, 13, 83, 68, 30, 29]
 taking 52 clients.

Round 292 node selection is [41, 29, 13, 72, 73, 7, 69, 45, 1, 52, 47, 57, 86, 55, 11, 85, 37, 56, 81, 95, 24, 87, 16, 39, 2, 78, 38, 31, 25, 20, 3, 66, 68, 32, 35, 82, 70, 21, 28, 26, 33, 19, 10, 83, 44, 79, 18, 30, 22, 65, 77, 15]
 taking 52 clients.

Round 293 node selection is [30, 7, 70, 52, 24, 26, 20, 78, 21, 56, 41, 32, 31, 3, 29, 66, 81, 19, 22, 33, 25, 2, 13, 73, 45, 15, 37, 11, 10, 82, 38, 68, 47, 85, 77, 87, 69, 57, 18, 86, 28, 95, 1, 44, 39, 35, 83, 65, 79, 72, 55, 16]
 taking 52 clients.

Round 294 node selection is [1, 56, 81, 77, 2, 45, 66, 44, 28, 41, 29, 55, 38, 47, 83, 52, 13, 69, 31, 30, 70, 3, 25, 82, 78, 35, 18, 85, 24, 65, 19, 37, 26, 86, 21, 57, 20, 73, 32, 16, 79, 33, 68, 39, 10, 11, 22, 72, 15, 87, 7, 95]
 taking 52 clients.

Round 295 node selection is [19, 18, 68, 32, 24, 21, 35, 66, 82, 78, 38, 16, 11, 85, 20, 33, 69, 31, 2, 47, 39, 72, 28, 10, 1, 55, 13, 56, 29, 57, 45, 87, 81, 3, 73, 83, 41, 37, 77, 65, 79, 22, 15, 25, 95, 44, 52, 70, 30, 7, 86, 26]
 taking 52 clients.

Round 296 node selection is [68, 7, 30, 70, 39, 38, 3, 41, 82, 78, 24, 21, 18, 66, 2, 20, 45, 83, 35, 81, 29, 37, 26, 86, 13, 55, 33, 25, 95, 15, 85, 44, 73, 28, 32, 87, 31, 79, 1, 77, 69, 19, 47, 16, 65, 56, 22, 10, 57, 72, 11, 52]
 taking 52 clients.

Round 297 node selection is [85, 15, 78, 24, 55, 41, 13, 28, 45, 7, 44, 72, 1, 30, 95, 87, 39, 2, 65, 82, 11, 25, 33, 26, 79, 38, 10, 22, 3, 19, 47, 20, 68, 16, 69, 18, 56, 31, 29, 37, 81, 73, 57, 77, 32, 35, 83, 52, 86, 70, 21, 66]
 taking 52 clients.

Round 298 node selection is [26, 83, 41, 86, 56, 69, 66, 33, 85, 77, 16, 13, 30, 38, 45, 21, 18, 10, 1, 2, 57, 73, 32, 82, 68, 20, 95, 87, 24, 31, 19, 81, 78, 11, 7, 70, 72, 28, 15, 39, 55, 35, 65, 29, 52, 47, 44, 22, 3, 25, 37, 79]
 taking 52 clients.

Round 299 node selection is [44, 39, 56, 47, 30, 2, 82, 66, 19, 25, 16, 55, 69, 79, 83, 52, 65, 41, 13, 77, 68, 10, 11, 81, 20, 32, 28, 3, 85, 35, 72, 87, 7, 86, 37, 26, 24, 38, 70, 22, 33, 78, 21, 73, 45, 31, 1, 15, 18, 57, 95, 29]
 taking 52 clients.

Round 300 node selection is [11, 41, 10, 25, 82, 83, 2, 72, 18, 56, 85, 66, 87, 57, 26, 47, 73, 39, 28, 44, 86, 29, 95, 52, 79, 7, 65, 70, 30, 21, 13, 33, 69, 22, 20, 78, 37, 35, 15, 16, 24, 68, 55, 32, 1, 77, 19, 81, 31, 38, 3, 45]
 taking 52 clients.

