=== FEDERATED LEARNING EXPERIMENT SETTINGS ===
Experiment ID: 5
Experiment Mode: Mixed_WLRC_FedAvg
Device: cuda

--- FL Hyperparameters ---
Seed: 18
Rounds: 300
Clients: 100
Alpha (FedArtML Dirichlet): 0.5
Local Epochs per Client (T): 10
Learning Rate: 0.001
Client Fraction (FedAvg): 1

--- WLRC & Selection Strategy (if applicable---
Rademacher Q: 100
Num Classes: 10
Top-K Clusters: 5
WLRC Rounds: [5, 7, 9, 11, 13, 15, 17, 19, 21, 23, 25, 27, 29, 31, 33, 35, 37, 39, 41, 43, 45, 47, 49, 51, 53, 55, 57, 59, 61, 63, 65, 67, 69, 71, 73, 75, 77, 79, 81, 83, 85, 87, 89, 91, 93, 95, 97, 99, 101, 103, 105, 107, 109, 111, 113, 115, 117, 119, 121, 123, 125, 127, 129, 131, 133, 135, 137, 139, 141, 143, 145, 147, 149, 151, 153, 155, 157, 159, 161, 163, 165, 167, 169, 171, 173, 175, 177, 179, 181, 183, 185, 187, 189, 191, 193, 195, 197, 199, 201, 203, 205, 207, 209, 211, 213, 215, 217, 219, 221, 223, 225, 227, 229, 231, 233, 235, 237, 239, 241, 243, 245, 247, 249, 251, 253, 255, 257, 259, 261, 263, 265, 267, 269, 271, 273, 275, 277, 279, 281, 283, 285, 287, 289, 291, 293, 295, 297, 299]
Switch Back Rounds (FedAvg): [6, 8, 10, 12, 14, 16, 18, 20, 22, 24, 26, 28, 30, 32, 34, 36, 38, 40, 42, 44, 46, 48, 50, 52, 54, 56, 58, 60, 62, 64, 66, 68, 70, 72, 74, 76, 78, 80, 82, 84, 86, 88, 90, 92, 94, 96, 98, 100, 102, 104, 106, 108, 110, 112, 114, 116, 118, 120, 122, 124, 126, 128, 130, 132, 134, 136, 138, 140, 142, 144, 146, 148, 150, 152, 154, 156, 158, 160, 162, 164, 166, 168, 170, 172, 174, 176, 178, 180, 182, 184, 186, 188, 190, 192, 194, 196, 198, 200, 202, 204, 206, 208, 210, 212, 214, 216, 218, 220, 222, 224, 226, 228, 230, 232, 234, 236, 238, 240, 242, 244, 246, 248, 250, 252, 254, 256, 258, 260, 262, 264, 266, 268, 270, 272, 274, 276, 278, 280, 282, 284, 286, 288, 290, 292, 294, 296, 298, 300]
Reverse Schedule: False
Schedule Rounds (Top-k update): []

--- Model Architecture ---
Using DeepNet: False
Dropout: 0.2
Concatenation: False
DeepNet Args: {'hidden_size': 32, 'num_layers': 8, 'num_classes': 10, 'dropout': 0.2}

--- Logging & Paths ---
Log Directory: ./results/Experiment_5/Mixed_WLRC_FedAvg/SM_Interleave1_alpha0.5
Model Directory: ./results/Experiment_5/Mixed_WLRC_FedAvg/SM_Interleave1_alpha0.5/model_and_node_selection

--- Other ---
Track Rademacher Scores: False
Training Clients: [1, 2, 3, 4, 5, 6, 7, 8, 9, 10, 11, 12, 13, 14, 15, 16, 17, 18, 19, 20, 21, 22, 23, 24, 25, 26, 27, 28, 29, 30, 31, 32, 33, 34, 35, 36, 37, 38, 39, 40, 41, 42, 43, 44, 45, 46, 47, 48, 49, 50, 51, 52, 53, 54, 55, 56, 57, 58, 59, 60, 61, 62, 63, 64, 65, 66, 67, 68, 69, 70, 71, 72, 73, 74, 75, 76, 77, 78, 79, 80, 81, 82, 83, 84, 85, 86, 87, 88, 89, 90, 91, 92, 93, 94, 95, 96, 97, 98, 99, 100]
